2007   1 18  397.4  0.00093   16.5  396.3    2.9  -24.1
2007   1 19  389.1  0.00078    8.7  388.8   -4.9   13.9
2007   1 20  395.9  0.00063    8.0  395.8   -6.4    6.1
2007   2 23  406.4  0.00095   25.2  406.2   10.0   -0.7
2007   3 19  408.2  0.00037   12.1  408.2   -1.4    4.0
2007   3 20  404.8  0.00031    9.8  404.8   -1.0   -4.4
2007   3 21  394.9  0.00062    7.4  393.1  -13.6   33.2
2007   4 16  399.9  0.00068   17.3  398.6  -19.7   25.6
2007   4 18  402.5  0.00095   20.6  402.0  -20.0    5.9
2007   4 19  385.6  0.00175   39.2  385.2  -18.8   -0.5
2007   4 21  394.0  0.00057    8.7  393.0  -17.6   18.6
2007   4 23  392.5  0.00047   15.7  391.9    2.9   21.2
2007   5 13  399.3  0.00072   17.1  395.9  -12.1   50.9
2007   5 15  410.5  0.00087   20.8  409.6  -14.2  -18.6
2007   5 20  413.6  0.00073   14.1  412.4  -31.8    5.5
2007   6 21  402.1  0.00068   12.3  400.9  -26.9   17.3
2007   6 22  390.3  0.00056   11.6  388.1  -28.2   30.0
2007   7 17  389.2  0.00107   12.8  389.0    7.3    3.3
2007   7 18  382.3  0.00097   13.5  381.8  -14.4   12.3
2007   7 19  403.6  0.00069   11.2  403.6   -0.1   -0.5
2007   7 22  398.4  0.00064   14.0  396.3  -23.8   26.0
2007   7 23  401.8  0.00049   12.4  401.1   19.1   14.5
2007   8 17  400.5  0.00054   10.5  399.4  -28.3    8.3
2007   8 18  400.1  0.00068   11.3  399.2  -22.6   -8.3
2007   8 20  404.1  0.00115   19.3  399.6  -41.2   44.0
2007   8 21  389.8  0.00052   14.7  389.1  -19.9   11.8
2007   8 22  398.8  0.00068   13.9  396.4  -24.6   36.4
2007   9 12  399.2  0.00032    9.7  397.7   -5.5   33.2
2007   9 20  393.7  0.00060   22.7  392.8  -24.9    8.6
2007   9 22  404.5  0.00056    6.6  404.5    6.0    1.0
2007   9 23  410.7  0.00045    9.1  410.1  -10.8   20.4
2007  10 19  397.5  0.00048    7.3  396.9  -19.6    9.3
2007  10 21  398.7  0.00064   12.6  398.6   -2.2   -5.5
2007  11  8  405.6  0.00104   15.5  404.9   -3.2  -15.5
2007  11  9  392.0  0.00085   18.9  391.8   -3.5  -11.8
2007  11 10  397.7  0.00073   12.1  397.3   -6.0   -6.7
2007  11 11  392.5  0.00064   11.1  392.4   -7.6   -7.8
2007  11 13  393.1  0.00091   14.8  392.9   -1.6   -9.4
2007  11 18  392.6  0.00082   14.7  392.2   -0.9    5.7
2007  11 19  392.1  0.00078   14.5  391.9   -9.9    6.2
2007  11 20  395.1  0.00083   12.0  394.7  -13.1   -3.2
2007  11 21  388.1  0.00060    9.4  388.1    2.0    3.6
2007  11 22  388.7  0.00090   11.3  383.5  -43.5   43.7
2007  11 23  393.2  0.00055   11.6  393.0   -2.5   11.8
2007  12 16  392.7  0.00109   13.3  392.5   -8.9   -9.6
2007  12 17  390.9  0.00093   11.1  390.7   -1.9   -5.2
2007  12 18  391.3  0.00097   12.5  391.1   -0.8   -4.7
2007  12 19  389.5  0.00089    7.9  389.3   -5.6    1.3
2007  12 20  392.6  0.00085   10.2  392.5   -2.4   -0.8
2007  12 21  391.3  0.00074    8.2  390.9    1.5   -5.8
2007  12 22  390.4  0.00078    8.6  390.2   -7.4   -1.9
2007  12 23  390.2  0.00069    8.8  390.1    1.4   -8.1
2007  13 16  387.0  0.00062   14.0  386.4   12.3  -18.2
2007  13 17  391.7  0.00101   22.1  391.2   -2.3  -13.8
2007  13 18  389.6  0.00080   13.7  389.5    0.0    2.6
2007  13 19  391.0  0.00067    9.8  390.0  -11.9    2.1
2007  13 20  389.2  0.00074   11.7  389.1    6.7   -4.8
2007  14 18  392.7  0.00073   10.6  392.4  -12.3   -6.1
2007  14 20  386.6  0.00073   10.9  385.8  -13.5   14.6
2007  14 21  393.0  0.00059   10.8  392.8   -4.2   -9.0
2007  15 18  383.6  0.00068   14.4  382.4   -0.5   31.0
2007  15 19  382.6  0.00065   11.0  381.1  -25.8   20.5
2007  17 20  383.6  0.00058   10.3  374.2  -46.0   71.2
2007  18 13  383.8  0.00094   18.2  383.7    6.0    3.9
2007  18 17  385.5  0.00065   11.0  385.4   -1.6   -3.6
2007  18 20  388.8  0.00043   13.0  388.8   -3.0    2.1
2007  19 14  392.8  0.00054   14.2  392.3  -16.6    8.6
2007  19 15  388.3  0.00031   21.5  388.1  -12.5    6.9
2007  20 13  387.7  0.00075   13.0  387.4    5.8  -13.9
2007  20 14  387.1  0.00095   23.2  386.8   -1.3  -10.2
2007  20 15  388.0  0.00069   10.4  387.6    8.2   -9.5
2007  20 16  390.1  0.00077   10.6  389.4   16.1  -17.5
2007  20 17  388.1  0.00082   17.1  387.9  -10.5   -0.1
2007  21 16  388.7  0.00059   15.1  388.2  -18.2    8.3
2007  21 22  387.7  0.00052    9.1  387.2    8.6  -16.1
2007  22 19  385.1  0.00070    9.9  384.8   -4.1  -14.3
2007  22 20  387.3  0.00071   11.6  386.6    5.2  -21.7
2007  22 21  384.3  0.00063    9.8  384.1   -6.9   -7.2
2007  22 22  383.9  0.00076   11.9  383.7   -3.1   -9.1
2007  22 23  393.3  0.00140   16.2  390.9   25.0  -35.8
2007  23 20  388.2  0.00081   11.6  388.0    5.2   -9.6
2007  23 22  389.8  0.00077   10.2  388.4   16.0  -28.8
2007  24  5  387.7  0.00047    6.7  387.5    2.6  -12.8
2007  24  6  375.5  0.00065   11.2  369.5  -41.9   52.0
2007  24  7  371.9  0.00102   23.7  365.6  -31.9   59.1
2007  24 11  385.2  0.00076   11.0  385.0   -2.7  -13.3
2007  24 15  380.5  0.00097    9.2  380.4   -1.8    1.1
2007  24 17  381.1  0.00069   14.6  380.7    9.2  -10.8
2007  24 18  368.6  0.00117   17.4  364.9  -26.2   44.5
2007  25 11  381.5  0.00093   11.4  380.6   13.9  -17.0
2007  25 12  381.8  0.00106   13.5  380.7   14.5  -23.6
2007  25 13  377.7  0.00102   18.2  377.6    5.0   -3.3
2007  25 14  380.3  0.00104   11.6  380.0    8.5  -10.2
2007  25 16  381.3  0.00091   11.9  380.9    4.7  -16.5
2007  25 17  382.1  0.00087   10.3  381.6   13.6   -9.9
2007  25 18  383.9  0.00074    8.3  383.6    5.0  -15.3
2007  25 19  379.0  0.00066    9.4  378.8    2.4  -13.0
2007  25 21  383.3  0.00076    9.8  382.8    4.1  -18.3
2007  26 15  388.0  0.00085   17.7  386.8   19.3  -21.8
2007  26 17  384.9  0.00087   13.5  384.4   12.6   -8.5
2007  26 18  388.4  0.00111   16.3  387.4   24.1  -13.5
2007  26 19  385.3  0.00114   14.8  384.0   22.9  -15.1
2007  26 20  381.4  0.00110   15.9  381.0   13.4   -7.7
2007  27 15  384.6  0.00125   25.9  383.5   13.0  -25.4
2007  27 16  384.6  0.00084   14.5  384.5   -8.4   -4.7
2007  27 17  397.6  0.00142   21.7  396.0   -9.2  -34.0
2007  27 18  386.4  0.00073   13.9  385.4   10.6  -22.7
2007  27 19  389.5  0.00106   17.7  388.2    8.6  -30.2
2007  28 18  390.3  0.00121   20.0  390.1    9.4   -8.0
2007  28 19  397.6  0.00026    9.1  397.2   -6.6  -16.1
2007  28 21  389.7  0.00048   12.4  389.6   -4.8   11.3
2007  28 22  390.9  0.00040    5.4  390.5    6.4   15.3
2007  29 18  383.6  0.00103   13.4  383.6   -8.3    0.9
2007  29 19  386.8  0.00103    9.7  386.3   13.5   -8.3
2007  29 20  384.0  0.00119    9.5  383.6    7.9  -12.8
2007  29 21  383.0  0.00121   10.8  382.8    3.4   -4.1
2007  30  4  387.4  0.00086    9.4  387.1   -3.0  -14.1
2007  30  5  391.3  0.00107   11.7  390.5   -6.5  -19.9
2007  30  6  393.1  0.00109   11.5  392.6   -8.7  -17.5
2007  30  7  393.6  0.00095   10.9  393.0   -9.0  -17.8
2007  30  8  390.4  0.00087   10.7  389.8  -11.8  -15.6
2007  30  9  393.4  0.00092   10.8  392.9   -7.6  -17.9
2007  30 10  393.1  0.00076   11.2  392.5  -18.3  -13.9
2007  30 17  390.1  0.00083   14.5  389.8   -2.6  -12.0
2007  30 18  392.8  0.00106   13.2  392.3    8.6  -12.8
2007  30 19  393.4  0.00145    9.5  393.2    0.3  -12.3
2007  30 20  392.1  0.00152   11.1  391.9    3.6  -10.0
2007  30 21  391.9  0.00160   11.2  391.6    5.3  -10.5
2007  30 22  391.4  0.00155   10.9  391.1    6.7  -12.6
2007  31 16  391.1  0.00134   12.4  390.2   14.3  -15.8
2007  31 17  395.2  0.00135   13.5  394.1   14.8  -25.6
2007  31 18  385.4  0.00125   13.8  385.0   -0.1    6.0
2007  31 19  385.6  0.00123   12.3  385.5    9.2   -1.8
2007  32  8  393.1  0.00100   11.9  392.1   10.8  -24.8
2007  32  9  392.8  0.00106   12.9  391.8   14.7  -21.5
2007  32 10  390.5  0.00103   12.0  390.0    7.1  -12.0
2007  32 11  389.9  0.00107   11.9  389.5    9.3  -10.2
2007  32 12  395.1  0.00085   12.8  394.8   -3.4  -12.6
2007  32 13  391.6  0.00093   14.1  391.0   11.9  -17.6
2007  32 14  391.0  0.00115   14.2  390.4   15.0   -3.4
2007  32 15  392.9  0.00096   14.4  391.7   13.8  -12.9
2007  32 16  396.6  0.00110   13.7  395.3   16.5  -24.5
2007  32 17  391.3  0.00104   12.5  390.4   16.1  -21.4
2007  32 18  395.0  0.00099   12.8  394.6    6.0  -18.0
2007  33  9  400.9  0.00089   11.5  399.5    8.7  -29.8
2007  33 10  389.7  0.00070   13.3  389.4   -2.7   -8.7
2007  33 11  386.2  0.00067   14.0  386.0    2.3   13.1
2007  33 12  399.8  0.00086   13.7  398.7   16.6  -23.9
2007  34 10  392.5  0.00144   14.5  392.3   -0.6  -12.3
2007  34 11  391.8  0.00135   16.8  391.6   -2.3    1.5
2007  34 13  392.2  0.00104   11.4  391.9  -12.0   -4.9
2007  34 14  390.3  0.00111   15.9  390.0   -2.7  -13.9
2007  34 15  394.8  0.00090   11.2  394.8   -7.1    0.1
2007  34 16  392.2  0.00116   13.9  390.4  -17.4    0.3
2007  34 17  388.5  0.00119   15.7  387.2  -25.6   18.2
2007  34 18  391.6  0.00122   16.8  391.5   -3.1    2.0
2007  34 19  388.9  0.00123   12.1  386.9  -30.7   24.6
2007  34 21  397.3  0.00055   14.7  396.8  -11.8  -16.7
2007  35  8  387.4  0.00093   11.1  385.7  -27.7   17.5
2007  35 21  396.6  0.00143   22.5  396.0  -22.1    7.1
2007  36 11  399.0  0.00133   18.1  398.1   19.8  -17.0
2007  36 13  390.8  0.00133   15.7  390.7   -1.8   -8.1
2007  36 14  397.4  0.00114   14.2  396.8   -0.7  -18.8
2007  36 15  395.9  0.00094   12.9  395.8   -7.5   -8.3
2007  37 11  389.6  0.00117   10.0  389.6    0.5   -0.8
2007  37 12  395.2  0.00124   10.0  394.7    3.2  -17.5
2007  37 13  394.8  0.00121   12.5  394.4    7.3  -14.6
2007  37 14  391.6  0.00108   11.0  391.2    2.0   -7.5
2007  37 15  389.8  0.00088    8.6  389.6    2.7   -8.0
2007  37 16  392.2  0.00076    8.9  391.7   13.4  -12.6
2007  38 18  391.2  0.00101   12.8  391.1    1.1   -6.8
2007  38 21  393.0  0.00080   12.4  392.7   -0.7  -14.8
2007  39 13  398.6  0.00099   16.8  398.3    3.2  -10.8
2007  39 14  399.4  0.00108   14.3  399.1   -5.4  -14.1
2007  39 15  397.9  0.00099   13.9  397.5   -5.5  -13.5
2007  39 17  393.2  0.00080   14.7  393.1   -3.7   -7.2
2007  40  6  396.8  0.00088   11.5  396.4   -4.7  -16.0
2007  40  7  395.9  0.00078    7.3  395.6   -1.2  -13.3
2007  40  8  394.1  0.00097   13.2  393.9    5.8   -6.4
2007  40  9  402.0  0.00072   20.8  401.9   -4.8  -10.3
2007  40 11  397.0  0.00092   14.5  396.8   -1.0   -9.4
2007  40 13  395.2  0.00071   12.5  395.1   -1.6   -9.6
2007  40 14  392.8  0.00091   12.3  392.7   -4.3   -8.3
2007  40 15  394.6  0.00101   13.1  394.5   -1.5   -8.6
2007  41 17  388.9  0.00118   13.9  388.9    0.8   -3.5
2007  41 18  394.4  0.00120   10.8  394.0    9.3  -15.8
2007  41 19  394.0  0.00120    9.4  393.5    8.8  -18.2
2007  41 20  393.0  0.00090    7.3  392.5   11.0  -17.1
2007  41 21  395.4  0.00101   11.7  394.9   14.8  -14.4
2007  42 17  392.7  0.00084    9.7  392.6   -0.7   -5.6
2007  42 18  394.0  0.00086   10.9  393.9    3.5   -4.6
2007  42 19  390.3  0.00078   11.2  390.3    0.1   -4.8
2007  42 20  393.4  0.00087   11.7  393.3    2.6   -8.2
2007  42 21  393.3  0.00069    8.9  393.2    1.2  -10.8
2007  43 11  392.7  0.00072   12.7  392.7    5.2   -0.7
2007  43 13  395.4  0.00107   16.7  395.3    5.1   -6.2
2007  43 14  395.2  0.00088   13.6  394.8    8.4   -1.2
2007  43 15  391.2  0.00093   13.6  391.0    5.1   -4.7
2007  43 16  391.4  0.00072   10.3  391.3    6.3   -4.0
2007  43 17  393.7  0.00094   11.8  393.5    4.5   -6.8
2007  43 18  390.2  0.00094   14.3  390.1    4.1   -4.6
2007  44 17  396.3  0.00065   14.5  396.1    0.5  -11.4
2007  44 18  395.2  0.00081   11.1  394.9    1.0  -13.0
2007  44 19  394.5  0.00114   14.0  394.3    0.1  -10.0
2007  44 20  391.5  0.00090   12.3  391.4    1.8   -2.3
2007  44 21  392.3  0.00090   13.0  391.9   12.5   -8.2
2007  45  4  390.8  0.00098   15.2  390.4   -9.3  -14.1
2007  45  5  392.5  0.00077    9.0  392.5    2.5   -5.5
2007  45  6  391.4  0.00098   14.5  391.1    5.8  -11.5
2007  45  7  392.3  0.00079   10.8  392.2    1.0   -9.0
2007  45  8  391.8  0.00080   11.5  391.6    2.9  -11.9
2007  46  4  395.6  0.00095   15.9  394.9   -1.9  -21.5
2007  46  6  392.1  0.00105   16.4  392.0    6.0   -4.5
2007  46  7  393.8  0.00131   17.6  393.8    1.9    2.8
2007  47  4  388.2  0.00062   15.8  388.1   -5.0   -7.4
2007  48  5  390.4  0.00109   22.8  390.2    3.2   -4.6
2007  48  6  384.0  0.00141   23.6  383.8   -3.4   -4.5
2007  48 21  392.8  0.00109   16.4  392.6   -3.4   -6.5
2007  49 17  395.3  0.00098   19.9  394.8   13.0   -8.9
2007  50 17  389.5  0.00115   17.2  389.4   -4.0   -7.3
2007  50 18  387.1  0.00100   17.1  387.0    5.2   -8.9
2007  50 19  391.1  0.00097   18.8  390.8    8.0   -9.5
2007  50 20  398.4  0.00094   20.6  398.2   -4.5  -10.7
2007  51 11  387.7  0.00115   20.0  386.9    6.6  -20.1
2007  51 13  383.0  0.00100   12.7  382.7   11.1   -9.3
2007  51 15  380.1  0.00101   16.4  379.8   -4.3   -7.8
2007  52  4  386.7  0.00108   16.5  385.1   -8.4  -34.0
2007  52  5  383.0  0.00111   19.2  382.7    7.2  -15.3
2007  52  7  386.4  0.00117   23.0  386.0  -15.6   -6.6
2007  52  8  389.7  0.00094   14.3  389.6    6.0    0.1
2007  53 17  387.6  0.00108   23.9  387.1  -17.3  -10.5
2007  54 14  385.1  0.00089   10.6  384.9   -3.2  -12.9
2007  54 15  383.7  0.00092   12.8  382.9    1.4  -18.7
2007  54 17  390.8  0.00142   17.6  390.0   16.7  -18.3
2007  54 18  384.1  0.00095   15.8  383.7    6.8  -14.9
2007  54 19  384.8  0.00080   12.9  384.6    8.8   -5.5
2007  54 20  383.9  0.00103   14.4  383.7    6.4   -7.2
2007  55 14  384.5  0.00102   16.5  383.8   14.5  -17.8
2007  55 15  384.7  0.00110   21.1  383.6   12.7  -22.4
2007  55 17  385.6  0.00083   13.9  385.1   -0.6  -20.0
2007  56 12  377.9  0.00110   17.5  377.2  -11.9  -17.2
2007  56 13  378.4  0.00087   11.8  378.2   -4.8   -4.9
2007  56 14  373.8  0.00153   18.9  373.6   -0.2   -5.0
2007  56 15  382.8  0.00130   18.6  380.8   19.5  -34.2
2007  57  3  378.7  0.00109   12.0  378.0    2.8  -21.9
2007  57  4  380.1  0.00132   15.1  379.0   12.5  -23.8
2007  57  5  375.7  0.00086   11.6  375.4   -9.3  -12.5
2007  57  6  373.3  0.00130   16.1  372.6  -22.1    7.4
2007  57  7  379.4  0.00153   15.9  378.5    0.4  -24.0
2007  57  8  380.6  0.00136   13.2  380.3    2.8  -14.3
2007  58 15  381.7  0.00108   17.9  379.2  -13.3  -40.7
2007  58 16  380.5  0.00101   11.9  379.8   -3.5  -22.6
2007  58 20  381.5  0.00074   12.5  380.8  -17.0  -16.9
2007  59  5  368.6  0.00079   22.4  368.3   13.9    9.5
2007  59  7  379.7  0.00080   14.1  379.6   -4.7   -9.5
2007  59  8  378.2  0.00054    8.9  377.9   -8.5  -10.9
2007  60  3  382.7  0.00061    8.3  381.8  -11.3  -23.1
2007  60  4  381.7  0.00069   12.8  381.3   -1.8  -17.6
2007  60  5  385.8  0.00122   20.3  385.7    1.0  -10.7
2007  60  6  386.0  0.00070   12.4  385.9   -7.6   -8.6
2007  61 19  384.8  0.00076   15.8  384.4   14.2   11.7
2007  62  4  393.8  0.00115   18.8  393.4    7.6  -15.5
2007  63 16  394.9  0.00101   19.6  394.5   -2.4   16.4
2007  64 18  392.1  0.00080   14.2  391.7   -1.9  -17.1
2007  65  6  381.9  0.00097   17.3  381.8    6.9   -0.3
2007  65 11  371.7  0.00142   21.3  370.2   21.7  -23.9
2007  65 12  380.0  0.00134   16.6  379.2   10.7  -21.7
2007  65 13  382.8  0.00131   19.1  381.9    1.1  -26.0
2007  65 14  377.6  0.00133   18.9  377.3   -9.0  -14.5
2007  67  7  379.7  0.00111   18.6  379.7    1.7    0.5
2007  67 10  379.0  0.00077   13.2  378.6   -8.2  -14.4
2007  67 11  378.5  0.00117   16.7  377.1    9.3  -29.9
2007  67 12  376.7  0.00142   19.1  376.4   -0.8  -12.5
2007  67 15  377.1  0.00106   12.7  375.9    7.5  -20.0
2007  67 16  374.2  0.00108   13.0  373.8   -1.7  -15.2
2007  67 17  379.6  0.00123   13.0  378.4    8.8  -25.7
2007  67 18  376.1  0.00137   28.7  375.9   11.7   -3.9
2007  68 11  386.6  0.00073   17.6  386.1   -8.7  -17.7
2007  70 13  379.5  0.00074   11.7  379.4   -2.1  -11.1
2007  71  6  379.1  0.00070   15.1  378.0  -11.5  -26.9
2007  72  2  377.0  0.00069   13.1  376.5  -14.1  -13.9
2007  72  3  377.9  0.00098   15.0  377.6    3.3  -10.3
2007  72  4  378.1  0.00075   11.0  377.8   -2.2  -13.0
2007  72  5  379.3  0.00080   12.8  378.5   -5.9  -22.2
2007  72  7  379.6  0.00100   10.8  378.7  -12.5  -21.3
2007  72  8  377.7  0.00129   15.2  377.4   -8.2  -11.1
2007  72  9  379.8  0.00087   12.3  379.2  -14.4  -16.3
2007  72 10  381.2  0.00108   16.6  380.9   -3.3  -14.3
2007  73  3  379.0  0.00108   12.7  376.4   -0.8  -44.1
2007  73  4  380.8  0.00129   14.8  378.8   10.5  -36.2
2007  73  5  379.5  0.00109   13.0  379.0    6.9  -17.3
2007  73  6  375.1  0.00126   10.1  374.8   -1.8  -15.6
2007  73  7  378.1  0.00159   12.8  376.6    5.7  -30.8
2007  73  8  377.1  0.00179   12.4  376.3    6.3  -23.0
2007  73  9  377.5  0.00166   12.6  376.4   11.0  -27.7
2007  74  5  368.5  0.00093   16.1  367.3  -21.0  -19.7
2007  74  6  367.7  0.00097   16.0  367.5    0.3   -2.0
2007  75  4  374.4  0.00066    9.8  373.8   -7.8  -18.7
2007  75  6  379.5  0.00177   23.7  378.1    4.5  -32.2
2007  75 16  376.5  0.00066   12.7  375.9   -8.2  -18.7
2007  75 17  373.8  0.00101   12.2  373.8    1.1   -0.1
2007  75 18  368.7  0.00125   21.6  368.4  -14.5   -6.2
2007  76  2  381.2  0.00054   11.3  380.9   -0.7  -14.3
2007  76  3  381.5  0.00080   15.6  380.6  -13.1  -21.3
2007  76  7  382.6  0.00064   18.9  382.4   -9.9   -3.5
2007  76 10  374.7  0.00094   15.3  374.5    3.1   -9.3
2007  77 12  372.3  0.00075   16.1  371.7  -16.4  -12.8
2007  77 16  376.1  0.00101   16.8  374.6    0.2  -31.9
2007  78  4  377.8  0.00126   14.5  375.3   20.3  -38.1
2007  78  5  374.6  0.00143   15.5  372.3   13.7  -39.7
2007  78  6  375.1  0.00110   13.8  374.2   13.3  -17.8
2007  78  7  374.4  0.00079   14.1  374.2   -6.8   -7.8
2007  78  8  376.6  0.00110   14.6  374.9   20.0  -29.6
2007  78  9  379.4  0.00117   14.7  375.9   24.2  -45.5
2007  79  2  374.9  0.00129   22.4  371.0   24.3  -47.9
2007  79  3  378.9  0.00122   13.7  377.0   12.9  -34.9
2007  80 15  377.0  0.00087    9.8  376.5   14.6  -13.7
2007  81 12  378.8  0.00115   13.7  375.5   29.4  -39.6
2007  81 13  369.0  0.00097   10.9  368.6   16.4   -3.3
2007  81 14  370.9  0.00117   14.8  369.5   18.8  -15.0
2007  81 15  375.9  0.00121   12.4  373.3   28.8  -33.3
2007  82 11  372.6  0.00118   13.0  372.3    2.4  -13.8
2007  82 12  377.1  0.00130   18.5  375.5    4.9  -32.8
2007  82 14  375.4  0.00108   13.1  373.3   13.4  -37.0
2007  82 15  369.1  0.00144   12.1  367.8   13.9  -26.9
2007  82 16  369.4  0.00158    9.4  368.5    6.4  -20.6
2007  82 17  368.9  0.00149    8.9  368.2    5.9  -20.8
2007  82 18  370.9  0.00178   18.1  368.7   19.5  -34.8
2007  83  2  368.0  0.00135   11.6  366.9   10.4  -24.6
2007  83  3  367.2  0.00138    9.3  366.6    5.3  -16.6
2007  83  4  369.1  0.00152   13.9  367.1   13.1  -34.3
2007  83  5  368.5  0.00145   13.2  367.0   13.2  -29.5
2007  83  6  367.5  0.00126   10.8  366.4   10.2  -25.0
2007  83  7  369.6  0.00128    9.9  368.6    8.9  -25.2
2007  83  8  370.6  0.00120   10.6  368.7   17.8  -31.5
2007  83  9  368.4  0.00121   14.3  367.1   11.8  -26.1
2007  83 10  367.3  0.00099    9.8  366.0    7.3  -30.3
2007  84  2  370.4  0.00093    7.5  369.6   14.7  -20.5
2007  84  3  370.0  0.00096    9.7  368.6    5.9  -31.5
2007  84  4  370.0  0.00116   10.8  368.4   13.1  -32.5
2007  84  5  368.4  0.00102   10.6  367.1    7.2  -27.2
2007  86  6  370.0  0.00116   11.3  368.4    9.1  -33.1
2007  87  5  366.3  0.00138   31.0  365.4  -24.9    1.5
2007  88  3  369.8  0.00096   13.1  368.2   20.4  -25.4
2007  88  5  371.9  0.00084    8.8  369.6   25.2  -31.8
2007  89  1  366.6  0.00100   10.8  364.6   24.0  -26.7
2007  89  3  364.8  0.00100   12.8  363.4   10.4  -29.2
2007  89  4  365.4  0.00097    9.8  364.1    8.8  -28.9
2007  90  1  364.3  0.00090   10.7  363.3    3.4  -25.1
2007  90  2  361.6  0.00084    9.6  361.6   -0.6   -3.4
2007  90  3  358.0  0.00086    5.1  357.7   -5.1  -12.5
2007  90  4  360.0  0.00109    9.9  359.8    1.6   -9.7
2007  90  5  362.4  0.00092    9.4  361.9    6.2  -19.0
2007  91  1  368.9  0.00104    8.8  367.5   11.8  -30.3
2007  91  2  367.7  0.00117   13.4  366.2   12.3  -29.8
2007  91  3  365.6  0.00113   12.4  364.7    5.5  -22.0
2007  91  4  370.4  0.00102   12.6  367.1    5.2  -48.8
2007  91  5  365.1  0.00124   15.4  364.8    2.4  -13.8
2007  91  6  358.9  0.00109   14.5  358.7   -3.6   -9.5
2007  91  7  365.7  0.00127   14.4  364.2    7.5  -30.8
2007  92  1  363.8  0.00058    7.8  363.4    9.5  -15.6
2007  92  2  367.5  0.00077   10.6  366.2   18.5  -24.6
2007  92  3  369.7  0.00068    6.7  368.3   11.4  -29.7
2007  92  4  368.4  0.00089   12.6  366.4   16.7  -32.8
2007  92  7  368.2  0.00091   14.7  366.6   16.5  -26.7
2007  92  8  373.3  0.00094   13.0  371.1   17.6  -36.1
2007  93  6  367.7  0.00105    9.0  367.4    4.0  -13.8
2007  93  7  363.4  0.00165   15.7  363.1    2.6  -14.6
2007  93  8  370.4  0.00138   12.9  370.0    4.9  -14.0
2007  93  9  372.8  0.00129   10.6  372.1    4.9  -21.7
2007  93 10  372.0  0.00124   12.3  371.9    8.9    2.1
2007  93 11  368.4  0.00141   15.2  368.1    9.6   -8.4
2007  93 12  374.8  0.00129   13.7  374.3   15.9   -8.0
2007  93 13  375.8  0.00135   14.0  375.2   12.3  -15.8
2007  93 14  379.9  0.00135   14.1  378.8   18.5  -19.5
2007  93 15  368.8  0.00139   17.2  367.8   15.8  -10.9
2007  93 16  376.0  0.00119   14.5  375.9    7.4   -4.7
2007  94  1  385.9  0.00080   14.5  385.2   -2.9  -18.5
2007  94  5  374.7  0.00055   10.0  374.3    8.9  -16.1
2007  95  2  386.3  0.00064   14.8  386.1   -3.4  -10.1
2007  95  3  382.7  0.00062   11.3  382.1   -2.1  -20.4
2007  95 13  391.5  0.00104   15.4  390.4   19.9  -21.3
2007  95 14  382.3  0.00102   12.2  382.1    8.6  -10.4
2007  95 15  388.8  0.00091   10.7  388.4   10.1   -8.2
2007  96  3  395.0  0.00113   16.2  394.6   15.5   -4.5
2007  96  4  389.5  0.00063    8.5  389.1    1.0  -15.7
2007  97  3  393.6  0.00109   16.1  393.4    6.0   -8.2
2007  97  7  385.6  0.00041   20.5  384.7   25.8   -6.7
2007  98  3  387.6  0.00066   14.6  385.1   36.5   23.7
2007  98  5  381.8  0.00100   14.4  381.6    3.8  -12.4
2007  99  2  375.0  0.00130   18.4  374.9   -1.5   -6.3
2007  99  3  377.8  0.00155   22.2  377.7    1.3   -7.9
2007  99  4  383.4  0.00138   17.2  382.1   25.0  -15.8
2007 100  1  386.4  0.00113   14.8  386.1    7.0  -11.6
2007 100  2  387.5  0.00073   11.8  387.2    0.7  -15.2
2007 100  3  384.3  0.00104   11.6  383.7   10.1  -12.7
2007 100  4  382.4  0.00110   12.2  382.4   -2.4    2.4
2007 100  5  380.2  0.00125   12.1  379.9   -5.4   -7.9
2007 100  6  380.6  0.00092    9.0  380.5    1.2   -4.4
2007 100  7  381.8  0.00105   15.6  381.5    7.9  -10.5
2007 100  8  383.3  0.00130   14.2  383.0   -1.0   -2.4
2007 100 10  384.5  0.00051   20.9  384.4    6.7    4.8
2007 100 11  383.4  0.00065   11.6  382.2   30.9    1.1
2007 100 12  391.3  0.00111   18.5  391.2   -2.5   -2.1
2007 100 13  389.6  0.00108   20.9  389.3   -2.5  -13.7
2007 100 14  386.4  0.00107   16.5  386.2    1.1   -8.1
2007 101  0  378.3  0.00150   16.2  377.1   14.1  -25.3
2007 101  1  383.9  0.00151   15.6  383.6    0.3  -14.8
2007 101  2  381.8  0.00150   16.5  381.3    1.6   -8.2
2007 101  3  384.8  0.00154   13.7  384.2    7.8  -19.8
2007 101  5  381.8  0.00152   12.4  381.5    5.3  -14.4
2007 101  6  381.8  0.00137   11.2  381.7    1.5   -9.3
2007 101  7  376.0  0.00169   12.6  375.7   -2.6   10.4
2007 102  1  384.3  0.00095   15.3  384.0   -2.2  -13.3
2007 102  2  383.8  0.00146   17.3  383.1   12.5  -16.1
2007 102  3  379.8  0.00133   17.5  379.6    6.5   -5.3
2007 102  4  378.7  0.00133   13.7  377.8   25.1   -6.9
2007 103  3  386.0  0.00165   14.9  386.0    6.3    1.3
2007 103  4  388.2  0.00135   13.0  387.6   13.7  -14.5
2007 103  5  384.4  0.00130   12.1  384.3    9.3   -2.6
2007 103  6  387.3  0.00099   12.4  387.0    3.5  -11.3
2007 103  7  387.1  0.00129   17.8  387.1    0.1   -4.2
2007 103  8  383.0  0.00104   16.6  382.1   20.2   -1.2
2007 103  9  382.7  0.00089   12.9  382.4   14.3   -4.6
2007 103 10  382.9  0.00072   10.4  382.5   17.3   -4.2
2007 104  5  383.0  0.00090   17.7  382.6    2.4  -15.2
2007 104  6  378.8  0.00089   18.5  378.6    0.4   -5.9
2007 104  7  391.4  0.00056   10.3  391.2    5.4   -9.2
2007 104  8  380.1  0.00078   12.9  380.0    8.2   -5.3
2007 104  9  385.0  0.00078   13.4  384.7   14.8   -5.3
2007 104 10  377.4  0.00112   16.3  377.3    5.9   -9.0
2007 104 11  384.4  0.00104   13.7  384.3    5.5   -4.1
2007 105  0  386.7  0.00116   12.1  385.5   20.9  -21.4
2007 105  1  383.0  0.00113   12.5  382.8    5.6  -11.4
2007 105  2  388.8  0.00120   12.2  387.6   17.0  -22.9
2007 105  3  384.0  0.00119    7.7  383.9    3.9   -5.6
2007 105  4  386.2  0.00125   10.6  385.6   12.8  -17.1
2007 105  5  385.4  0.00125   10.6  384.7   12.5  -18.3
2007 105  6  384.6  0.00136   11.8  383.7   15.8  -19.8
2007 105  7  383.5  0.00121   11.4  383.5    6.6   -2.2
2007 105  8  385.8  0.00126   12.3  384.9   17.2  -17.0
2007 106  0  378.4  0.00213   13.2  378.0    6.3   -4.2
2007 106  1  380.3  0.00209   14.2  379.5   12.9  -12.8
2007 106  2  381.5  0.00138   15.6  380.9    9.4  -15.6
2007 106  3  387.5  0.00120   17.5  387.3    1.5  -10.3
2007 106  4  386.4  0.00115   16.9  386.2    3.4   -9.1
2007 106  5  383.3  0.00099   15.7  383.0    3.5  -14.8
2007 107  2  390.5  0.00076   13.0  390.4    3.3   -9.4
2007 107  3  385.5  0.00096   15.1  385.4    3.9   -5.4
2007 107  4  386.1  0.00101   19.1  386.0    3.4   -1.5
2007 107 11  385.5  0.00100   13.6  385.4    0.8   -6.1
2007 107 12  388.7  0.00122   15.8  388.3   -1.0  -16.8
2007 107 13  387.7  0.00079   16.3  387.6   -4.2  -10.0
2007 108  0  384.6  0.00105   13.6  384.2    3.6  -13.3
2007 108  1  386.1  0.00106   12.9  385.9   -1.3  -10.5
2007 108  2  384.8  0.00104   11.8  384.7    1.7  -10.4
2007 108  3  383.6  0.00122   15.6  383.1   -3.9  -18.2
2007 108  4  387.0  0.00129   13.5  386.6    7.2  -16.7
2007 108  5  381.9  0.00123   16.8  381.7    6.1  -11.1
2007 108  6  388.3  0.00118   18.8  388.1   -3.8  -12.9
2007 108  7  387.3  0.00106   17.7  386.9   -8.2  -15.8
2007 108  8  386.7  0.00113   15.4  386.2   -4.3  -19.7
2007 109  0  385.1  0.00094   14.7  384.6   -7.8  -15.8
2007 109  1  384.1  0.00094   12.8  383.7   -0.6  -11.7
2007 109  2  383.6  0.00092   13.4  383.4    4.2   -7.3
2007 109  3  380.4  0.00094   19.1  380.3   -4.3   -6.5
2007 109 11  385.1  0.00128   20.6  385.1    5.6   -4.8
2007 109 13  380.7  0.00066   11.6  380.3  -17.9    6.2
2007 109 14  383.1  0.00099   13.3  383.0    1.4   -9.0
2007 109 15  382.9  0.00090   14.3  382.5   -7.5  -15.1
2007 109 16  384.7  0.00108   15.4  384.6    8.3   -5.8
2007 110  1  381.8  0.00090   13.4  381.5    2.3  -11.2
2007 110  2  380.2  0.00104   14.3  380.1   -2.2   -9.1
2007 110  3  381.3  0.00085   13.1  381.0   -9.9  -12.6
2007 110  4  380.3  0.00095   13.7  380.1    1.1   -9.4
2007 110  5  379.0  0.00089   13.0  378.7   -1.9  -12.8
2007 110 11  379.1  0.00093   12.5  379.0    6.2   -3.1
2007 110 12  393.0  0.00084   15.0  392.9    8.2   -5.4
2007 110 13  378.9  0.00095   13.5  378.7    2.6   -7.3
2007 110 14  378.0  0.00081   15.1  377.9    3.8   -8.1
2007 110 15  375.4  0.00097   14.9  375.4   -1.1   -7.6
2007 110 16  379.4  0.00061    9.8  379.3    1.9   -8.1
2007 111  5  376.6  0.00096   13.5  376.1   -6.7  -15.8
2007 111  6  376.1  0.00109   13.0  376.0    0.7   -7.3
2007 111  7  372.2  0.00119   12.6  371.5   11.5  -14.5
2007 111  8  376.2  0.00121   12.9  375.6   18.9   -8.7
2007 111  9  375.7  0.00170   16.4  374.9   11.0  -22.5
2007 111 10  375.3  0.00055    7.5  375.1   12.0   -4.0
2007 111 11  378.5  0.00114   18.9  378.1   12.2  -12.0
2007 111 12  378.9  0.00087   11.9  378.7    0.8   -6.7
2007 111 13  379.4  0.00092   11.3  379.1   14.4   -2.7
2007 111 14  377.7  0.00122   12.0  377.4   12.8    0.8
2007 111 15  380.6  0.00089   10.3  380.1   14.9  -11.0
2007 111 16  378.9  0.00129   11.1  378.8    8.8   -1.8
2007 112  0  382.1  0.00111   15.4  381.8    0.1  -13.4
2007 112  1  381.2  0.00093   15.0  380.6   18.4    0.2
2007 112  5  384.8  0.00105   17.0  384.0   21.8    8.7
2007 112  6  379.1  0.00102   20.8  377.8   -6.7  -14.1
2007 112  7  378.7  0.00118   20.6  378.4   -5.8  -12.8
2007 113  0  381.4  0.00117   20.9  381.2    0.2   -9.4
2007 113  3  384.7  0.00139   24.6  384.6    1.7    3.0
2007 113 23  387.4  0.00130   24.0  387.0    2.6  -17.6
2007 114  0  390.5  0.00100   16.1  390.4    1.5   -9.7
2007 114  1  391.0  0.00105   16.5  390.7    0.7  -13.2
2007 114  2  393.8  0.00115   20.2  392.6  -14.4  -19.5
2007 114  3  392.2  0.00095   14.9  392.0   -0.6   -9.9
2007 114  4  396.3  0.00081   15.4  396.1    1.8   -7.8
2007 114  5  396.0  0.00078   14.8  395.7   -5.1  -13.1
2007 114  6  391.5  0.00090   11.3  391.5    3.0   -5.6
2007 115  1  391.9  0.00080   12.3  391.8    1.3   -4.3
2007 116  3  392.6  0.00101   17.8  392.3    7.9   -2.4
2007 116  5  395.2  0.00077   11.7  395.0    4.5  -11.1
2007 116  6  389.4  0.00125   18.9  389.3    8.5   -2.4
2007 116  7  384.8  0.00104   17.2  384.6   -2.6  -10.3
2007 117  0  391.3  0.00126   15.5  391.0   12.3   -8.6
2007 117  1  393.3  0.00093   11.8  392.6   12.8  -20.9
2007 118  2  388.3  0.00104   16.5  387.9   14.4    0.2
2007 118  3  385.3  0.00103   14.9  385.1    6.5   -7.7
2007 118 23  389.6  0.00111   12.5  389.0    2.7  -19.0
2007 119  0  389.4  0.00093   11.1  389.2    8.5   -6.4
2007 119  2  394.3  0.00120   10.6  393.4   11.6  -22.7
2007 119  3  390.2  0.00098    8.5  390.1   -0.3   -8.1
2007 119  4  395.4  0.00133   10.7  394.5   10.9  -22.7
2007 119  6  394.8  0.00103   11.0  394.7    2.8   -7.8
2007 119  7  395.6  0.00141   12.5  394.7   13.4  -22.8
2007 119  8  393.7  0.00151   12.0  393.0   13.0  -18.7
2007 119  9  394.1  0.00154   12.8  393.4   17.7  -15.9
2007 119 23  389.0  0.00126   14.1  388.9    6.1   -4.5
2007 120  0  394.9  0.00133   16.5  393.9   18.0  -22.5
2007 120  1  397.7  0.00155   15.0  396.0   19.6  -29.6
2007 120  2  398.5  0.00134   14.0  396.6   25.0  -28.5
2007 120  3  395.8  0.00117   11.0  394.7   16.9  -22.2
2007 120  4  399.9  0.00130   16.1  397.4   25.5  -35.1
2007 120  5  400.6  0.00151   19.9  398.1   28.6  -33.8
2007 120  6  405.9  0.00146   14.7  402.4   27.4  -45.3
2007 120  7  399.1  0.00137   18.1  396.2   27.8  -38.5
2007 121  5  392.2  0.00126   12.9  392.0    3.4  -12.0
2007 121  6  397.4  0.00145   14.7  395.4   22.0  -33.2
2007 121  7  398.7  0.00137   12.9  397.0   20.7  -30.9
2007 121  8  397.5  0.00144   11.7  395.7   24.3  -27.4
2007 121  9  394.6  0.00151   14.2  393.1   20.7  -24.6
2007 121 10  395.8  0.00148   14.1  394.0   24.3  -28.1
2007 121 11  394.3  0.00122   11.9  393.5   11.8  -22.0
2007 122  1  387.6  0.00104   11.2  387.2    0.5  -16.7
2007 122  2  389.8  0.00135   12.6  389.2   18.0  -12.0
2007 122  3  386.1  0.00173   13.5  385.7   13.8  -10.1
2007 122  4  384.6  0.00126   10.0  384.5    2.5   -7.0
2007 123  0  386.4  0.00099   10.7  386.0    5.7  -15.4
2007 123  1  387.3  0.00123   14.5  386.6   13.0  -17.4
2007 123  6  390.6  0.00164   14.8  388.8   21.5  -30.9
2007 123  7  381.5  0.00099    9.5  381.4    6.0   -4.0
2007 123  8  384.7  0.00114   14.3  383.4   30.5   -9.3
2007 123  9  383.9  0.00124   14.3  383.7    4.6   -9.2
2007 123 10  390.6  0.00067   10.1  390.2    2.5  -16.8
2007 123 23  389.3  0.00127   15.1  389.0   10.7  -12.9
2007 124  0  390.6  0.00109   11.7  389.7   11.7  -21.8
2007 124  1  388.9  0.00111   13.0  387.8   12.2  -24.5
2007 124  2  385.2  0.00093   13.2  385.1    5.1   -5.0
2007 124  3  386.2  0.00098   11.4  386.1   -4.5    3.3
2007 124  5  387.4  0.00152   16.4  387.2    8.0  -10.1
2007 124  9  388.8  0.00145   17.0  387.8    6.6  -25.9
2007 124 11  386.6  0.00091   13.6  386.4    4.7  -11.3
2007 124 23  389.3  0.00138   14.4  388.6   -3.0  -23.7
2007 125  0  392.2  0.00173   14.8  392.1    5.8   -4.7
2007 125  7  386.1  0.00089   14.2  385.8   -5.0  -13.2
2007 125  8  389.5  0.00081   12.9  389.4    1.1   -6.3
2007 125  9  385.4  0.00083   14.5  385.2   -0.8  -11.1
2007 125 10  381.7  0.00104   15.1  381.6   -0.2   -8.3
2007 125 11  387.1  0.00082   21.8  386.9   -9.7   -6.4
2007 126  0  382.8  0.00095   17.3  382.5   10.7   -8.9
2007 126  1  390.0  0.00089   16.3  388.6   11.0  -28.2
2007 126  2  388.7  0.00084   11.7  387.7   12.7  -22.9
2007 126  4  386.3  0.00092   14.4  386.1    1.4  -11.1
2007 126  5  382.4  0.00106   15.4  381.9   -4.2  -18.5
2007 127  0  385.7  0.00111   17.7  385.3   -2.3  -12.0
2007 127  1  382.5  0.00141   22.6  382.4    2.5   -7.8
2007 127  2  389.2  0.00139   23.1  389.0    4.2  -12.3
2007 127  4  388.1  0.00110   17.8  387.7   -1.4  -18.9
2007 127  5  385.7  0.00112   20.5  385.7    5.6    0.1
2007 127  6  382.7  0.00130   18.0  382.5   -4.9  -10.4
2007 127  7  389.4  0.00093   11.7  388.0    8.9  -32.1
2007 128  5  391.0  0.00117   20.9  390.1    5.3  -23.1
2007 128  6  386.3  0.00076   13.9  386.0    2.7  -11.6
2007 129  1  392.2  0.00150   12.4  390.8   15.3  -29.6
2007 129  2  391.5  0.00119   11.8  390.1   16.9  -28.2
2007 129  3  390.8  0.00139   13.0  389.3   12.2  -30.1
2007 129  4  393.8  0.00153   15.1  391.9   11.3  -34.8
2007 129  5  392.0  0.00134   13.2  391.0   13.3  -23.9
2007 129  6  390.6  0.00117   16.3  389.8   14.9  -16.5
2007 129  7  387.7  0.00119   16.9  387.4    6.7  -11.5
2007 129  8  390.5  0.00093    9.3  390.1   -2.4  -17.3
2007 129  9  387.3  0.00112   11.7  386.9   -1.5  -17.5
2007 129 22  394.3  0.00124   12.0  392.5   20.3  -31.1
2007 129 23  394.4  0.00126   10.4  393.2   11.3  -28.4
2007 130  0  390.1  0.00097    9.0  389.3   10.5  -21.4
2007 130  1  393.0  0.00169   12.9  391.7   12.0  -29.3
2007 130  2  388.0  0.00144   15.4  386.7    3.2  -31.7
2007 130  3  389.7  0.00138   14.2  389.3   11.9  -13.4
2007 130  4  396.5  0.00131   12.0  395.4   13.1  -26.4
2007 130 23  396.2  0.00134   21.0  396.1   10.2   -2.2
2007 131  0  392.5  0.00164   14.6  392.0   11.4  -12.6
2007 131  1  396.7  0.00154   14.7  394.9   14.4  -32.9
2007 131  2  391.5  0.00140   14.6  391.2   -0.3  -16.3
2007 131  3  397.3  0.00142   13.8  396.0   12.3  -28.0
2007 131  4  397.1  0.00132   13.6  395.5   14.4  -29.8
2007 131 22  393.9  0.00106   11.1  392.7   11.5  -26.2
2007 131 23  393.5  0.00095   10.9  392.3   17.9  -24.7
2007 132  0  393.1  0.00112   10.7  392.3   10.8  -22.2
2007 132  1  393.2  0.00136   16.1  391.9   15.8  -27.3
2007 132  2  392.3  0.00129   12.5  391.0   15.5  -27.5
2007 132  3  393.9  0.00120   11.2  393.0   17.6  -21.2
2007 132  4  390.8  0.00136   11.2  390.0    9.0  -22.1
2007 132  5  387.7  0.00137   12.8  386.9   11.8  -20.2
2007 132  8  390.9  0.00137   13.0  390.1   10.4  -20.7
2007 132  9  391.3  0.00144   13.0  389.5   20.3  -30.8
2007 132 10  394.3  0.00143   14.3  392.9   14.7  -29.1
2007 132 22  391.4  0.00129   11.6  390.5    9.7  -23.9
2007 132 23  393.4  0.00146   10.6  392.2   15.9  -26.2
2007 133  0  393.1  0.00165   13.8  391.6   13.7  -30.1
2007 133  1  393.4  0.00153   12.1  392.1   12.5  -27.8
2007 133  2  393.2  0.00141   12.3  392.2   10.7  -24.2
2007 133  3  392.4  0.00104   11.4  391.5   14.5  -20.8
2007 133  4  391.7  0.00154   13.1  390.5   19.3  -23.8
2007 133 22  391.6  0.00133   13.4  390.1   14.5  -28.8
2007 133 23  381.8  0.00125   15.8  380.7   24.9  -16.1
2007 134  0  389.8  0.00134   13.6  389.3    7.3  -17.6
2007 134  1  387.8  0.00144   14.8  387.4    4.1   -9.2
2007 134  2  388.8  0.00131   12.3  387.7   12.0  -26.7
2007 134 22  391.1  0.00128   12.0  390.2   15.7  -21.9
2007 134 23  393.2  0.00141   13.4  392.1   16.6  -22.9
2007 135  0  396.1  0.00120   11.3  394.2   19.2  -33.0
2007 135  1  394.3  0.00155   13.4  393.4   10.1  -24.0
2007 135  2  394.6  0.00138   12.4  393.1   14.4  -30.1
2007 135  3  393.0  0.00111   11.3  391.7    9.7  -28.9
2007 135  4  392.1  0.00126   12.3  390.3    6.4  -37.7
2007 136  0  385.8  0.00116    9.5  385.1   15.8  -17.0
2007 136  1  386.9  0.00124   10.9  385.9   12.2  -24.4
2007 136  2  384.3  0.00126   12.5  383.8    8.3  -15.3
2007 136  3  386.6  0.00087    9.2  385.9   20.7  -11.1
2007 136  4  388.9  0.00126   12.0  387.0   16.9  -32.4
2007 136 22  384.6  0.00106    9.0  383.5    8.1  -28.1
2007 136 23  384.3  0.00110   10.9  383.6    7.9  -22.2
2007 137  0  386.7  0.00121   13.1  385.9    9.9  -22.7
2007 137 22  387.9  0.00133   12.9  387.0   10.1  -22.1
2007 137 23  390.4  0.00115   13.8  389.7   20.4  -11.7
2007 138  0  389.6  0.00150   12.4  389.2    5.2  -18.2
2007 138  1  387.3  0.00124   11.4  386.6    7.7  -20.8
2007 138  2  381.7  0.00103   11.4  381.6    1.9    5.8
2007 138 23  386.8  0.00115   10.5  385.9   13.7  -20.0
2007 139  0  385.7  0.00119   11.5  385.0    9.4  -17.2
2007 139  1  387.5  0.00116   12.7  386.4   16.0  -23.9
2007 139  2  386.8  0.00114    9.9  386.2   10.0  -18.6
2007 139  3  385.2  0.00123   13.5  384.1   13.9  -23.8
2007 139  4  383.3  0.00123   14.2  383.3   -1.8    3.3
2007 139  5  389.5  0.00131   14.5  388.8   10.7  -20.0
2007 139  6  389.0  0.00112   10.1  387.8   14.6  -26.9
2007 139  7  385.2  0.00101   10.1  385.1    3.5   -6.1
2007 139  8  395.2  0.00168   22.1  392.5   22.0  -40.6
2007 139  9  387.8  0.00123   14.3  387.6    2.8  -11.4
2007 139 10  390.0  0.00124   14.7  388.9   16.1  -22.0
2007 140  1  387.8  0.00111   13.2  387.0    4.4  -22.8
2007 140  2  391.3  0.00138   18.3  390.6   12.6  -20.0
2007 140  3  389.5  0.00114   11.4  388.9    7.2  -18.6
2007 140  4  387.8  0.00122   12.4  387.3    4.0  -17.0
2007 140  5  391.9  0.00154   14.7  391.4    6.5  -19.0
2007 140  6  389.6  0.00089   11.2  389.2   -0.1  -18.0
2007 140  7  388.9  0.00115   10.7  388.2    3.3  -21.2
2007 140  8  393.1  0.00120   10.9  391.9   11.2  -27.5
2007 140  9  388.1  0.00143   13.5  387.6    2.9  -19.5
2007 140 10  388.7  0.00121    8.5  388.0    5.5  -22.5
2007 141  5  386.6  0.00106   11.3  385.9   14.2  -18.2
2007 141  6  381.5  0.00131   15.7  380.9   11.2  -18.7
2007 141  7  388.2  0.00126   14.3  387.1   11.6  -26.9
2007 142  4  385.4  0.00144   10.0  385.3    1.6   -6.8
2007 142  5  387.1  0.00148   13.0  386.3   13.3  -19.3
2007 142  6  387.2  0.00144   11.4  386.4   13.6  -20.8
2007 142  7  386.2  0.00147   13.1  385.7   10.0   -6.6
2007 142  8  388.7  0.00141   13.6  388.0   13.6  -17.0
2007 142  9  390.1  0.00145   11.7  389.0   15.1  -23.3
2007 142 10  387.5  0.00131   11.2  387.2    6.8  -12.0
2007 142 11  387.1  0.00106   10.4  386.5   13.6  -17.7
2007 142 22  390.8  0.00120   11.5  390.0   12.3  -21.7
2007 142 23  389.5  0.00136   13.2  388.8   12.1  -17.4
2007 143  0  384.3  0.00121   12.7  383.8   11.6   -5.1
2007 143  1  390.3  0.00121   11.8  389.2   12.8  -23.0
2007 143  2  386.5  0.00183   29.5  385.1   19.6  -26.0
2007 143  3  387.5  0.00090   11.2  387.3   -0.1  -10.3
2007 143  4  391.9  0.00075   11.7  391.8    4.4   -7.2
2007 143 21  385.9  0.00189   13.6  385.5    9.7  -16.5
2007 143 22  383.3  0.00201   13.7  383.0    3.0   -5.6
2007 143 23  382.4  0.00195   14.2  382.3    5.5   -1.0
2007 144  0  383.4  0.00201   14.0  383.1    6.4   -5.5
2007 144  1  383.7  0.00203   13.9  383.4    1.3   -4.6
2007 144  2  382.4  0.00185   13.3  382.2    0.2   -0.3
2007 144  3  387.7  0.00182   15.0  386.8    8.1  -20.5
2007 144  4  381.0  0.00176   14.1  380.9    4.8   -1.4
2007 144 22  395.3  0.00201   17.3  393.7   26.9  -23.0
2007 144 23  389.7  0.00173   14.5  389.2   15.8  -12.1
2007 145  0  389.1  0.00149   13.6  388.6   16.4  -12.9
2007 145  2  386.1  0.00139   16.5  384.9   20.0  -22.1
2007 145  3  387.7  0.00107   12.4  387.0   16.7  -16.4
2007 145 22  382.3  0.00107   14.5  382.3    7.2   -3.3
2007 145 23  389.5  0.00109   13.7  389.0    8.9  -16.0
2007 146  0  390.1  0.00108   12.5  389.4    4.5  -21.2
2007 146  1  388.6  0.00086   10.7  388.0   -1.2  -21.7
2007 146  2  388.2  0.00114   12.9  387.1    4.7  -25.8
2007 146 22  394.5  0.00126   14.2  392.5    4.7  -38.0
2007 146 23  388.0  0.00143   15.0  387.2    9.5  -22.3
2007 147  0  395.2  0.00122   11.1  393.5   18.0  -33.0
2007 147  1  387.0  0.00180   20.6  384.9   19.0  -32.2
2007 147  2  389.0  0.00160   13.8  387.6   17.5  -24.9
2007 147  3  389.1  0.00161   15.2  387.9   15.8  -26.9
2007 147  4  388.1  0.00149   13.6  386.9   15.8  -26.0
2007 147  5  385.2  0.00201   18.3  383.8   16.6  -21.3
2007 147 21  389.8  0.00164   17.1  388.7    3.5  -28.5
2007 147 22  390.3  0.00118   11.2  390.0    3.7  -14.1
2007 147 23  394.7  0.00149   14.3  393.3    5.9  -29.9
2007 148  0  392.8  0.00142   12.3  391.9    6.0  -26.5
2007 148  1  392.6  0.00150   15.0  391.1   12.4  -30.0
2007 148  2  390.6  0.00132   15.8  390.4    3.8  -12.5
2007 149  0  386.4  0.00155   15.0  385.9   11.5  -12.7
2007 149  1  382.5  0.00146   13.7  382.3   -1.1  -10.9
2007 149  2  387.8  0.00158   15.8  387.3   -2.3  -14.4
2007 149  3  386.4  0.00166   14.5  386.0    0.7  -14.5
2007 149  4  386.0  0.00156   15.4  385.4    0.1  -20.8
2007 149  5  386.2  0.00178   14.0  385.7    0.5  -18.6
2007 149  7  383.0  0.00142   13.0  382.9   -5.8   -4.4
2007 149  8  382.6  0.00165   15.0  382.5   -5.0   -5.4
2007 149  9  384.7  0.00185   15.9  384.0   -4.9  -11.1
2007 149 21  381.6  0.00160   13.9  381.0    7.3  -19.7
2007 149 22  379.7  0.00187   16.8  379.2   -1.6  -11.8
2007 149 23  385.9  0.00216   16.8  384.5    4.4  -32.0
2007 150  0  383.8  0.00168   15.8  383.0   -0.2  -23.9
2007 150  1  382.2  0.00150   14.5  381.4    7.8  -22.4
2007 150  2  383.8  0.00144   13.1  382.5    9.9  -28.9
2007 150  3  384.8  0.00142   15.1  383.3   11.0  -29.8
2007 150  4  386.6  0.00149   11.9  385.4   13.3  -26.6
2007 150  5  387.9  0.00181   17.8  385.9   12.2  -33.5
2007 150  6  377.9  0.00159   16.6  377.7   -5.9  -12.5
2007 150 23  376.3  0.00087   17.7  375.4  -24.3  -12.0
2007 152  0  380.2  0.00116   13.9  379.9    9.9   -8.5
2007 152  1  385.3  0.00090   14.7  384.9   -9.2  -13.9
2007 152  2  383.8  0.00112   15.3  383.6   -5.4  -11.8
2007 152 22  389.3  0.00120   18.7  389.1    4.0  -12.7
2007 152 23  391.2  0.00121   14.8  389.3    2.1  -38.0
2007 153  0  384.2  0.00123   18.6  383.6   -1.7  -21.7
2007 153  1  389.7  0.00115   13.5  388.8    6.8  -25.3
2007 153  2  389.0  0.00141   15.6  386.7    9.2  -39.0
2007 153  3  389.7  0.00131   13.1  388.2    4.3  -32.1
2007 153  4  389.6  0.00140   12.9  389.1   -3.3  -19.1
2007 153  5  389.3  0.00143   14.4  388.0    4.1  -30.9
2007 153  6  389.5  0.00127   13.2  387.4    9.1  -37.4
2007 153  7  395.5  0.00131   12.8  394.1   14.2  -29.9
2007 153  8  386.7  0.00141   15.6  384.8   14.8  -32.4
2007 153  9  379.8  0.00124   11.2  378.5    4.9  -31.0
2007 153 10  387.8  0.00132   13.5  387.5    1.7  -12.6
2007 153 11  386.7  0.00147   16.9  386.2   -6.8  -18.9
2007 153 12  391.2  0.00135   18.3  391.1   -2.3   -9.1
2007 154  0  392.0  0.00114   14.5  389.4   10.5  -43.5
2007 154  2  393.4  0.00120   17.0  391.6    6.8  -35.1
2007 154  3  382.3  0.00114   14.4  382.0   -2.0   -4.9
2007 154  5  390.8  0.00115   14.3  390.6   -1.1   -9.6
2007 154 21  388.9  0.00107   10.2  386.5   10.1  -42.3
2007 154 22  391.1  0.00117   13.5  389.1   10.4  -36.7
2007 154 23  388.7  0.00108   11.6  386.6   14.5  -36.5
2007 155  0  385.8  0.00120   13.8  384.2    9.0  -31.7
2007 155  1  379.4  0.00122   13.0  376.3   10.7  -46.9
2007 155  2  379.0  0.00088   14.3  376.4   22.8  -37.2
2007 155  3  383.6  0.00089   14.2  381.2    1.6  -42.4
2007 156  6  384.0  0.00053    7.4  383.9    2.3   -9.7
2007 156 21  389.7  0.00120   10.6  387.4   15.9  -39.5
2007 156 22  385.2  0.00126   12.1  383.5   14.2  -32.8
2007 156 23  387.2  0.00122   12.9  386.3    9.5  -23.9
2007 157  0  386.4  0.00131   15.2  384.5   12.8  -33.8
2007 157  1  387.7  0.00145   13.5  386.0    3.3  -35.6
2007 157  2  384.3  0.00136   12.2  383.2  -12.7  -25.0
2007 157  3  380.1  0.00126   10.9  379.6  -16.6   -8.7
2007 157  4  385.3  0.00174   17.3  382.8   -2.1  -43.5
2007 157 21  384.9  0.00149   13.0  383.8   14.9  -24.4
2007 157 22  384.3  0.00118   18.9  383.0    5.0  -30.8
2007 157 23  377.6  0.00104    9.9  377.3    9.5   -8.8
2007 158  0  379.4  0.00136   12.2  378.7   13.0  -18.6
2007 158  1  380.0  0.00120   11.0  378.8   19.7  -23.5
2007 158  2  380.2  0.00119   11.5  379.3   15.3  -19.6
2007 158  3  381.3  0.00132   12.7  380.4   15.2  -19.2
2007 158 22  387.4  0.00072   14.4  386.7   -8.0  -20.6
2007 159  0  381.6  0.00105   21.4  381.3   13.2   -8.1
2007 162  1  368.7  0.00096   14.3  368.2   -1.9  -15.1
2007 162  2  371.7  0.00121   17.6  371.4   -2.7  -14.5
2007 162  3  366.7  0.00079   12.8  366.0   -7.2  -18.9
2007 162 21  372.0  0.00069   11.5  371.8    6.4  -11.0
2007 162 22  371.6  0.00111   16.6  369.4   -4.7  -36.9
2007 162 23  374.6  0.00128   14.6  374.2   -3.0  -17.5
2007 164  0  371.3  0.00071    8.6  370.6   -8.3  -20.4
2007 164  3  369.6  0.00078   11.9  369.4   -2.7  -12.0
2007 164 20  369.9  0.00092   10.2  368.6   -6.0  -30.7
2007 164 21  374.3  0.00091   12.5  371.1   -0.1  -47.2
2007 164 22  369.7  0.00137   13.5  369.0    0.1  -22.3
2007 165  0  362.6  0.00123   19.6  362.5    2.1   -9.0
2007 165  2  365.1  0.00095   14.2  364.9    0.8   -9.0
2007 165  3  366.5  0.00102   15.0  365.9  -12.1  -16.1
2007 165  4  365.9  0.00129   21.9  365.2   14.8  -16.8
2007 166  1  361.3  0.00088   28.7  360.6   22.6    6.1
2007 166  3  355.4  0.00134   29.4  355.2   -7.6  -11.2
2007 166 11  372.5  0.00086   18.5  372.1    6.4  -12.1
2007 166 22  356.4  0.00080   23.9  356.0   -9.6   -4.7
2007 168 21  372.6  0.00101   13.7  372.1   -3.7  -19.2
2007 168 22  376.1  0.00118   21.6  375.3   19.3  -15.6
2007 168 23  365.7  0.00121   37.0  365.2   20.0   -2.5
2007 169  1  369.8  0.00079   16.1  368.9  -25.9   -4.5
2007 169  2  371.4  0.00053    9.9  369.6  -27.2   24.7
2007 170 22  372.5  0.00046   11.7  372.0   -7.8  -17.1
2007 170 23  371.6  0.00088   10.7  370.0  -23.4  -24.8
2007 171  0  375.2  0.00136   17.6  374.2   -0.2  -27.6
2007 171  1  373.0  0.00109   12.6  371.8   -8.1  -27.9
2007 171 20  373.1  0.00087   12.1  372.4   -2.6  -19.3
2007 171 21  370.7  0.00115   13.9  370.5   -1.1  -11.8
2007 171 22  365.2  0.00137   16.8  363.0  -36.1   -3.6
2007 171 23  374.2  0.00082   16.9  373.6  -11.2  -17.3
2007 172  0  376.4  0.00145   24.1  374.0   -7.6  -42.0
2007 172  2  365.7  0.00100   12.9  363.3  -36.3   21.2
2007 172  3  367.7  0.00102   15.5  365.0  -43.1    9.7
2007 172  4  369.6  0.00078   13.6  368.5  -14.7  -18.5
2007 172  5  367.3  0.00102   17.1  367.2   -3.0    4.1
2007 172  7  368.4  0.00113   14.4  365.9    4.3  -42.4
2007 172  8  368.7  0.00109   12.1  367.5    1.5  -26.9
2007 172  9  370.4  0.00113   12.0  368.4    4.4  -36.1
2007 172 10  364.2  0.00129   12.9  364.1   -4.9   -5.4
2007 172 11  371.1  0.00134   12.0  370.2    8.2  -22.4
2007 172 20  369.8  0.00133   13.8  369.0    7.7  -21.7
2007 172 21  368.4  0.00123    8.9  367.6    3.0  -22.3
2007 172 22  370.0  0.00153   10.2  368.6    8.7  -30.8
2007 172 23  367.1  0.00139   11.4  366.6   -2.0  -14.3
2007 173  0  368.4  0.00141   11.5  367.6   -8.6  -21.0
2007 173  1  372.5  0.00136   11.8  371.4    1.8  -26.5
2007 173  2  369.4  0.00126    9.5  368.8   -9.6  -14.2
2007 173  3  367.7  0.00139   15.2  367.0    2.9  -21.6
2007 173  4  372.4  0.00155   14.1  370.7    8.7  -33.6
2007 173  5  370.8  0.00128   11.7  369.2    1.3  -33.2
2007 173  6  371.9  0.00127   13.1  370.0    8.6  -35.5
2007 173  7  371.3  0.00133   14.3  369.9    6.3  -26.4
2007 173 20  371.6  0.00112   14.8  370.1   -1.7  -30.8
2007 173 21  370.2  0.00097    9.0  369.7   -3.6  -18.6
2007 174  1  372.6  0.00129   11.2  371.6   -0.7  -27.2
2007 174  2  367.6  0.00129   13.6  367.1   -1.8  -18.6
2007 174  3  374.4  0.00131   10.5  373.1   10.2  -28.8
2007 174 20  375.1  0.00121   17.8  372.4   19.9  -38.5
2007 174 22  368.1  0.00140   20.1  367.7    3.0  -17.2
2007 175  3  354.7  0.00116   14.7  354.6   -9.5   -5.7
2007 175  7  366.0  0.00090   13.7  365.1  -19.9  -15.5
2007 175  8  369.8  0.00115   14.2  369.1   -5.1  -17.5
2007 175  9  375.9  0.00120   12.7  374.7    8.7  -24.9
2007 175 19  374.6  0.00163   16.9  372.3   12.1  -38.0
2007 175 20  369.5  0.00142   16.2  368.2    6.1  -30.0
2007 175 21  370.6  0.00138   13.9  369.2   -0.9  -31.0
2007 175 22  373.2  0.00147   11.7  372.3    4.3  -24.2
2007 175 23  372.9  0.00121   10.8  371.9   -2.7  -28.2
2007 176  0  373.3  0.00142   11.4  371.7   -4.8  -33.5
2007 176  1  370.1  0.00136   11.1  368.7    5.7  -29.8
2007 176  2  368.5  0.00180   12.9  367.5    7.3  -23.5
2007 176  3  368.5  0.00159   13.1  367.5    1.4  -22.9
2007 176  4  366.9  0.00161   12.0  366.4    2.1  -15.4
2007 176  5  370.6  0.00147   12.3  369.3    8.4  -28.6
2007 176  6  366.5  0.00145   14.2  365.3   -1.7  -24.5
2007 176  7  368.8  0.00150   14.1  367.2   13.7  -31.3
2007 176 20  363.9  0.00105   15.6  363.5   -0.5  -17.4
2007 176 21  374.0  0.00115   15.0  372.2   21.7  -29.9
2007 176 22  370.2  0.00119   16.3  370.1   -2.6   -5.1
2007 176 23  369.1  0.00120   16.7  368.6   14.8  -11.9
2007 177  1  372.5  0.00080   14.6  372.0   -5.2  -17.6
2007 177  2  381.7  0.00095   12.3  381.0   -8.0  -20.7
2007 177  7  375.4  0.00093   12.0  374.9    1.4  -20.9
2007 177  8  374.0  0.00096   12.2  372.9   -1.6  -28.7
2007 177 22  373.4  0.00094   11.3  372.6    6.6  -22.8
2007 178  0  372.3  0.00107   13.6  371.2    1.3  -25.9
2007 178  1  374.8  0.00132   12.9  373.8    3.5  -26.3
2007 178  2  370.3  0.00142   11.5  369.8   -0.1  -17.0
2007 178  3  370.6  0.00286    8.7  370.3   -3.6  -10.8
2007 178  4  369.9  0.00322    8.7  369.7   -0.9  -12.3
2007 178 19  368.4  0.00227    8.4  368.3   -3.9   -7.9
2007 178 20  368.3  0.00240   10.1  368.0   -2.0  -10.3
2007 178 21  368.4  0.00220    9.7  368.2   -1.6  -10.4
2007 178 22  368.2  0.00216    9.5  368.1   -4.0   -5.5
2007 178 23  367.8  0.00217    9.0  367.7   -1.5   -7.4
2007 179  0  368.1  0.00195    9.5  367.9   -2.0  -10.3
2007 179  1  368.8  0.00198   10.2  368.6    0.3  -11.8
2007 179  2  369.3  0.00199   11.5  368.9    1.8  -14.0
2007 179  3  367.9  0.00176    9.5  367.5    2.3  -11.9
2007 179  4  368.0  0.00176   11.0  367.6    3.7  -15.0
2007 179  5  368.7  0.00175   10.3  368.4    0.6  -12.0
2007 179  6  368.2  0.00167   10.2  367.9    0.1   -9.6
2007 179  7  368.6  0.00173   10.0  368.2    1.7  -12.8
2007 179  8  367.0  0.00176   10.3  366.7    3.2  -11.9
2007 179  9  367.4  0.00202    9.2  367.1    0.8  -12.8
2007 179 10  367.0  0.00205    9.7  366.7   -0.1  -12.9
2007 179 11  366.1  0.00186   10.6  365.8    1.3  -13.0
2007 179 12  366.9  0.00185   11.9  366.7   -3.0   -9.8
2007 180  3  372.2  0.00117   12.0  371.2   15.4  -19.0
2007 180  4  372.9  0.00124   12.6  372.5   14.5  -11.1
2007 180  5  374.3  0.00072   13.2  373.6    8.5  -21.3
2007 180  6  375.1  0.00094   14.7  373.6   11.5  -31.7
2007 180  7  368.9  0.00105    8.1  368.9   -2.8   -4.8
2007 180  8  368.9  0.00108    9.8  368.2    8.9  -15.7
2007 180  9  368.9  0.00121   12.1  368.5    7.4  -13.7
2007 180 20  373.2  0.00133   13.3  373.2    4.0   -6.4
2007 181  0  371.1  0.00100   12.3  370.1   11.3  -22.8
2007 181  1  372.2  0.00091   12.3  371.5    7.3  -20.4
2007 181  2  370.5  0.00086   10.7  370.2   13.3   -4.8
2007 181  3  373.8  0.00083    9.3  373.3    9.2  -12.7
2007 181  4  371.4  0.00098    9.4  371.0    6.0  -17.5
2007 181  5  373.6  0.00099    8.1  373.3    9.8  -12.8
2007 181  6  370.3  0.00117   10.9  369.7    6.7  -20.4
2007 181  7  368.1  0.00129   15.5  367.8    8.8   -6.3
2007 181  8  367.6  0.00099   14.5  367.2    4.8  -16.9
2007 181 10  370.6  0.00072   26.8  370.1  -19.4    0.7
2007 181 12  365.4  0.00090   13.0  365.0   -4.5  -17.0
2007 182  0  367.5  0.00102   11.9  367.1   11.2  -13.6
2007 182  1  366.0  0.00102   13.9  365.5   10.1  -16.0
2007 182  3  367.1  0.00116   10.6  366.5    7.4  -17.4
2007 182 21  369.9  0.00125   16.0  369.3   10.6  -17.9
2007 182 22  370.7  0.00110   13.6  369.9   10.6  -18.3
2007 182 23  368.6  0.00098   11.5  368.4    2.5   -8.3
2007 183  0  367.8  0.00067    8.7  367.6   -8.2   -6.6
2007 183  1  369.5  0.00096   10.1  369.2    7.9  -10.2
2007 183  2  369.9  0.00102   13.7  369.3    8.0  -17.0
2007 183  3  369.9  0.00135   21.7  367.9   23.5  -30.1
2007 183  4  365.2  0.00098   11.9  364.9    7.3  -12.1
2007 183  6  368.4  0.00060   14.5  368.0  -16.6    1.2
2007 183  8  360.2  0.00087   21.8  359.3  -17.7   18.8
2007 184  3  375.7  0.00136   17.6  374.4    7.9  -22.9
2007 185  0  360.8  0.00094   14.1  359.9   -3.5  -24.2
2007 185  2  369.2  0.00102   19.1  368.3  -11.4  -23.3
2007 185  3  369.0  0.00117   18.5  368.3  -17.0  -16.3
2007 185 21  366.0  0.00068    9.7  365.5  -14.5  -13.2
2007 186  2  361.3  0.00086   14.7  361.2  -10.0   -1.4
2007 186  3  367.2  0.00066   14.8  366.9   -8.0  -12.7
2007 186  5  357.8  0.00093   12.8  356.9  -11.8  -21.6
2007 186 18  362.9  0.00094   12.8  362.9   -1.3   -1.0
2007 186 19  362.9  0.00090   13.4  362.7    5.3  -11.9
2007 186 20  358.2  0.00093   13.5  358.0    6.4   -6.2
2007 186 21  368.5  0.00140   23.6  368.0   -7.4  -18.0
2007 186 22  355.7  0.00094   13.2  355.4   -0.4   -9.6
2007 187  2  355.7  0.00107   14.0  355.5    3.1   -7.5
2007 187  3  359.2  0.00129   14.6  358.9   -4.2  -13.6
2007 187  4  362.9  0.00106   14.5  362.8   -1.9  -10.4
2007 187  5  360.6  0.00065   18.9  359.8    2.6  -24.2
2007 187  6  351.8  0.00129   22.7  351.3  -16.0    6.2
2007 187 22  359.1  0.00072   16.1  358.7    2.5   15.6
2007 187 23  359.8  0.00098   15.3  359.5    4.2  -13.9
2007 188  1  365.0  0.00118   16.9  364.3    7.8  -19.8
2007 188  2  366.1  0.00094   13.8  365.6    8.9  -17.5
2007 188  4  364.3  0.00099   15.5  364.1    2.1  -10.9
2007 188  5  361.7  0.00090   11.4  361.2    7.6  -16.0
2007 188  7  359.9  0.00065   11.1  359.5  -13.5  -10.2
2007 188  8  364.8  0.00087   11.1  364.5    7.7  -11.4
2007 188  9  351.0  0.00127   20.2  350.2  -23.1   -3.7
2007 188 10  369.9  0.00108   17.2  369.7    4.2  -11.0
2007 188 23  367.3  0.00122   20.4  367.0    2.4  -12.5
2007 189 21  363.0  0.00105   13.8  362.1   -4.5  -25.1
2007 189 22  361.1  0.00111   28.2  359.6   24.4  -22.6
2007 189 23  342.7  0.00082   16.3  342.6    1.9   -6.3
2007 194  6  349.9  0.00046   10.9  349.1   22.7   -0.4
2007 194  7  334.0  0.00033   18.9  333.7   10.3    8.0
2007 196 23  328.7  0.00094   33.7  328.5    2.3    9.3
2007 204  4  337.2  0.00066   12.4  337.1   -6.5   -6.7
2007 209 21  347.6  0.00097   18.3  346.7   -3.3  -24.5
2007 210  2  341.3  0.00059   13.0  341.2   10.7    0.7
2007 212 17  362.2  0.00112   14.6  360.6   25.0    3.5
2007 212 18  355.2  0.00105   16.5  353.9   30.5   -5.0
2007 212 20  369.7  0.00108   18.4  367.0   43.1   -9.7
2007 212 21  355.4  0.00100   16.4  352.3   28.1   37.0
2007 213  1  350.9  0.00114   20.2  350.3   17.8    8.5
2007 214 21  358.6  0.00098   15.0  354.2   16.3   53.7
2007 215  2  369.3  0.00130   21.2  366.9   41.8    5.5
2007 215  3  336.7  0.00101   17.8  334.9   33.3   10.8
2007 215  6  346.5  0.00086   14.4  346.2  -13.2    7.1
2007 215  8  337.9  0.00165   30.1  337.4   11.2   14.0
2007 216  2  343.8  0.00072   25.7  342.4   30.6   -7.9
2007 216 20  367.5  0.00119   25.0  366.0   -1.6  -33.4
2007 216 21  338.4  0.00093   15.0  337.2   27.3   -4.8
2007 218  1  348.5  0.00065   11.6  348.1   12.5   11.0
2007 218  2  340.3  0.00083   14.7  339.6   23.0    0.3
2007 218  3  347.5  0.00070   11.6  347.4   -3.8   -6.9
2007 218  4  328.7  0.00167   25.2  326.2  -24.3  -32.9
2007 218  6  337.8  0.00064   15.4  337.7   -6.7   -3.0
2007 219  0  323.3  0.00037   12.8  322.8   -8.3  -15.7
2007 219  1  336.3  0.00112   15.5  336.2    6.8   -2.5
2007 219 19  339.6  0.00109   12.4  338.3   28.6   10.8
2007 219 20  345.1  0.00097   15.0  343.2   16.4   32.2
2007 219 21  342.7  0.00104   19.3  341.0   26.1   21.5
2007 219 22  354.4  0.00067   14.6  353.5   23.9    9.1
2007 222 21  350.3  0.00135   20.9  350.1    8.7   -4.0
2007 222 22  341.9  0.00114   17.2  341.1   19.3   -7.5
2007 222 23  332.4  0.00123   19.1  332.1   12.4   -5.8
2007 223  1  350.1  0.00089   16.5  349.3   23.3   -2.8
2007 223  2  346.9  0.00124   23.1  346.1   23.5   -1.5
2007 223 21  334.7  0.00093   13.6  333.8   10.5   16.9
2007 224  0  349.5  0.00070    8.3  349.3    4.0    5.0
2007 224  1  348.4  0.00100   12.1  346.9   27.5   17.1
2007 224 20  332.5  0.00085   14.0  331.2   28.8    5.8
2007 225 23  325.0  0.00109   16.6  324.1   22.4    0.9
2007 227 21  340.9  0.00079   15.6  340.5   14.1   -8.8
2007 228 17  323.1  0.00097   11.2  321.7   29.4    4.4
2007 228 18  323.7  0.00072   11.0  322.4   18.0  -13.6
2007 228 19  317.5  0.00119   20.3  316.3    8.3  -18.8
2007 230 20  305.8  0.00054   14.9  305.6   -9.5   -6.7
2007 232 19  309.8  0.00088   10.3  309.8    3.0   -2.6
2007 233 22  323.9  0.00060   10.8  323.9   -0.7   -6.0
2007 233 23  291.8  0.00069    9.0  291.1  -19.7    0.2
2007 234  0  330.6  0.00041    7.1  330.5   -0.7   -6.0
2007 234  3  295.4  0.00067    6.9  295.1  -12.8    1.2
2007 234  4  313.1  0.00074   15.4  312.9   12.4   -5.4
2007 234  5  299.7  0.00067   10.6  298.9   17.1    8.3
2007 234 23  290.6  0.00086   12.2  290.1   15.7    5.0
2007 235  2  290.2  0.00099   15.3  290.2   -2.6   -3.0
2007 235  3  305.8  0.00045   12.8  305.7   -0.6   -5.8
2007 235 16  307.7  0.00072    8.0  307.5   -3.3   -8.8
2007 235 18  318.9  0.00064    8.2  318.4  -17.4   -4.8
2007 235 19  304.6  0.00110   19.3  304.2  -12.2  -11.3
2007 236  4  338.0  0.00048    7.9  337.9   -0.9   -6.0
2007 236 19  314.2  0.00112   16.6  314.2   -0.7   -5.9
2007 236 21  317.2  0.00107   17.0  316.5    4.0  -20.2
2007 238 21  320.1  0.00068   12.0  318.6    1.9  -31.1
2007 240 19  306.6  0.00138   20.8  306.2  -10.5   -9.2
2007 240 20  287.4  0.00130   20.3  287.3    1.4   -7.8
2007 239 21  312.0  0.00090    6.6  309.0   43.2   -4.0
2007 241 22  316.3  0.00090   10.2  316.1    2.3  -10.8
2007 241 23  313.2  0.00127   12.3  312.4    0.8  -22.6
2007 242  0  320.1  0.00105   10.2  318.9    8.1  -26.8
2007 242  1  323.3  0.00124   10.7  321.6    7.4  -31.8
2007 242  2  321.1  0.00132   11.5  319.4    4.5  -32.8
2007 242  3  320.3  0.00115   10.6  319.2    9.5  -24.5
2007 242 17  193.0  0.00218   43.1  173.8   45.6  -70.5
2007 242 18  197.7  0.00179   31.5  175.8   51.0  -74.8
2007 242 19  192.3  0.00226   42.7  175.4   53.5  -57.8
2007 242 20  190.5  0.00232   45.3  173.6   56.6  -54.5
2007 242 21  202.4  0.00163   37.2  177.6   70.6  -66.5
2007 242 22  210.1  0.00168   34.1  187.4   47.3  -82.5
2007 242 23  191.1  0.00167   44.7  181.8   40.9  -42.4
2007 243  0  167.7  0.00191   44.9  153.3   47.7  -48.5
2007 243  1  155.8  0.00168   38.0  136.9   59.1  -45.3
2007 243  2  164.1  0.00145   41.2  141.9   72.2  -39.9
2007 243  3  165.7  0.00137   37.1  152.6   44.0  -47.1
2007 243  4  173.4  0.00193   35.4  159.9   20.2  -63.9
2007 243  5  175.2  0.00189   39.5  166.7   37.3  -38.8
2007 243  6  184.5  0.00195   41.4  174.9   -7.1  -58.2
2007 243 17  170.9  0.00317   45.2  166.9   31.0  -19.7
2007 243 18  183.1  0.00347   54.6  180.5   17.3  -25.7
2007 243 19  186.5  0.00287   45.8  185.8   -1.9  -16.1
2007 243 20  265.2  0.00179   16.3  263.2    6.2  -32.2
2007 243 21  322.0  0.00153   10.7  321.3    8.5  -19.5
2007 243 22  323.1  0.00120    8.7  322.1   12.6  -22.5
2007 243 23  316.8  0.00125    7.8  315.1   11.3  -31.2
2007 244  0  213.5  0.00250   33.7  194.9   26.9  -83.0
2007 244  1  175.6  0.00201   35.4  165.9   29.4  -49.4
2007 244  2  179.0  0.00178   39.3  175.7   11.6  -32.5
2007 244  3  261.5  0.00109   20.9  254.8   22.8  -54.2
2007 244 20  170.0  0.00080   34.1  143.4   89.8  -16.4
2007 244 21  155.3  0.00166   46.2  144.0   17.7  -55.4
2007 244 23  169.4  0.00127   45.9  154.8   63.4  -26.5
2007 245  0  199.8  0.00117   37.8  171.1   79.0  -66.5
2007 245  1  194.7  0.00063   36.6  193.6   11.9  -16.7
2007 245  2  206.5  0.00165   46.7  190.2   58.4  -55.0
2007 245  3  204.3  0.00160   42.4  187.0   60.2  -56.3
2007 246  0  142.7  0.00070   27.5  115.0   75.4  -38.3
2007 246  2  145.1  0.00110   35.7  119.7   55.6  -60.2
2007 246  3  118.0  0.00290   40.6   70.2   17.3  -93.2
2007 246 18  167.5  0.00180   45.4   99.4  105.1  -84.5
2007 246 19  150.2  0.00095   40.5  104.6   86.3  -64.4
2007 246 20  157.5  0.00090   24.3  144.8   57.1  -24.4
2007 246 21  149.8  0.00170   52.6  133.9   54.0   39.9
2007 246 22  194.9  0.00110   25.9  132.2   77.0 -120.7
2007 246 23  179.0  0.00178   33.2  148.1   81.2  -59.4
2007 247  0  165.2  0.00172   48.9  146.8   58.9  -47.9
2007 248 17  151.5  0.00070   19.1  107.0   53.6  -92.9
2007 248 18  166.7  0.00090   23.2  121.3   72.7  -88.3
2007 248 19  121.6  0.00090   27.9  107.3   57.1   -2.7
2007 248 20  148.1  0.00090   29.0   99.9   91.6  -59.7
2007 248 21  154.3  0.00095   20.3  107.0    9.8 -110.7
2007 248 22  157.5  0.00103   30.0  115.1   85.3  -65.6
2007 249 17  149.0  0.00100   33.0  120.8   36.6  -79.3
2007 249 18  121.0  0.00100   30.8  110.1   -0.5  -50.3
2007 249 19  113.0  0.00150   16.7   76.3   50.3  -66.4
2007 249 21  103.2  0.00090   29.9   92.8   28.4   35.2
2007 250 21  148.8  0.00108   38.7  127.5   69.7  -32.2
2007 250 22  166.5  0.00265   37.9   85.6   86.6 -113.6
2007 250 23  135.3  0.00075   24.8  127.8   43.4    9.8
2007 251  0  156.0  0.00060   22.7  142.9   57.7   24.4
2007 251  1  150.1  0.00097   25.3  123.9   70.8  -46.3
2007 251 19  157.1  0.00070   26.5  141.4   64.6  -22.7
2007 251 22  147.4  0.00135   40.3  109.3   74.0  -65.6
2007 252  1  135.5  0.00100   29.1  112.2   -1.6  -76.0
2007 252  3  144.7  0.00110   25.1  128.5   38.1  -54.5
2007 252  4  168.7  0.00130   33.3  113.1   72.0 -102.4
2007 252 19  146.3  0.00110   26.6  119.0   69.7  -48.7
2007 252 20  115.1  0.00210   28.1   81.0   66.8  -47.2
2007 252 21  161.7  0.00080   32.6  104.4  119.1  -32.9
2007 252 22  154.8  0.00040   26.6  129.1   83.6   18.2
2007 253  0  140.0  0.00075   28.0  108.9   75.2  -45.6
2007 253 19  153.4  0.00100   33.2  113.2   66.3  -79.5
2007 253 20  158.2  0.00180   38.3  101.4   91.9  -79.3
2007 253 22  107.7  0.00100   19.2   84.4   57.0  -34.9
2007 254  2  108.5  0.00090    9.9  103.9   -2.0   31.2
2007 254 19  168.7  0.00070   19.9  127.7   83.8  -71.6
2007 254 20  123.6  0.00080   17.7  115.0   42.8  -14.2
2007 255 23  109.7  0.00130   21.8   89.1   42.3  -48.0
2007 256  0  162.6  0.00100   28.4  144.7   69.6  -25.6
2007 256  1  150.9  0.00160   31.5   97.2   61.8  -97.5
2007 256  4  128.3  0.00180   33.3   91.3   70.7   56.0
2007 256 20  152.1  0.00085   32.4  139.1   45.2  -41.8
2007 256 21  152.9  0.00080   36.7  131.8   74.3  -22.2
2007 257 22  161.8  0.00080   29.9  145.2   51.6  -49.2
2007 257 23  148.8  0.00140   35.6  127.5   53.5  -54.8
2007 258  0  158.7  0.00090   27.3  140.3   51.3  -53.6
2007 258  1  134.1  0.00090   29.8  125.5   36.9  -29.8
2007 258  2  154.7  0.00100   33.8  150.9   33.5    4.9
2007 258  4  155.7  0.00150   40.1  143.4   60.2   -7.7
2007 258 22  152.5  0.00107   38.0  139.1   61.0   13.7
2007 259  2  156.8  0.00290   56.4  134.1  -79.1   19.5
2007 259 17  140.6  0.00140   34.5  140.6    0.0    0.0
2007 259 18  144.1  0.00175   61.6  116.5   84.6   -5.9
2007 260 18  149.3  0.00090   24.3  146.6    7.7   27.0
2007 260 19  120.8  0.00210   58.0  113.2   42.1   -1.9
2007 260 20  154.4  0.00110   35.1  151.6   25.9  -12.9
2007 261 16  144.4  0.00220   63.8  143.8   -7.7  -11.2
2007 261 17  147.9  0.00274   76.9  136.8   55.8    5.9
2007 261 18  152.3  0.00319   70.2  143.1   52.2    1.6
2007 261 19  168.6  0.00355   64.3  160.2   40.4  -33.3
2007 261 20  166.6  0.00446   61.5  154.1   50.9  -37.6
2007 261 21  163.7  0.00399   72.9  150.0   54.5  -36.4
2007 261 22  158.2  0.00339   69.9  146.1   51.6  -32.2
2007 261 23  157.2  0.00448   63.2  147.2   47.2  -28.9
2007 262 19  172.9  0.00220   57.2  136.7  105.3  -12.0
2007 262 20  164.5  0.00143   44.2  154.7   26.9  -48.8
2007 262 21  140.6  0.00276   72.3  127.4   59.3    0.2
2007 262 22  162.1  0.00172   53.1  156.7   37.2  -17.7
2007 262 23  176.8  0.00155   43.7  170.1  -18.4  -44.5
2007 263  0  161.6  0.00112   33.4  160.0   -0.6  -22.5
2007 263  1  157.1  0.00190   78.6  150.1   44.2   13.5
2007 263  2  171.9  0.00183   45.0  146.4   54.2  -72.0
2007 263  3  150.8  0.00540   77.2   92.8  111.4  -41.7
2007 263 13  144.1  0.00365   65.2  110.3   33.4  -86.5
2007 263 14  163.2  0.00259   52.0  144.9   59.4  -45.8
2007 263 15  157.6  0.00228   49.8  150.6   44.9  -11.7
2007 263 16  152.9  0.00250   56.4  140.9   27.0  -52.9
2007 263 17  159.6  0.00225   50.4  144.0   54.5  -42.1
2007 263 18  168.5  0.00220   52.0  150.9   56.1  -49.7
2007 263 19  153.4  0.00257   54.9  146.2   10.7  -45.2
2007 263 20  160.0  0.00225   48.0  145.6   58.0  -32.0
2007 263 21  166.1  0.00163   41.2  153.0   10.1  -63.8
2007 263 22  168.7  0.00130   40.5  163.4   32.0  -26.6
2007 264 13  158.6  0.00180   51.0  155.6   30.4   -3.6
2007 264 14  160.3  0.00203   52.9  153.8   39.0  -23.3
2007 264 15  154.2  0.00130   24.3  145.6   17.4  -47.7
2007 264 16  181.6  0.00140   33.0  155.1   52.2  -78.7
2007 264 17  159.5  0.00217   48.6  147.1   54.2  -29.4
2007 265 13  138.7  0.00180   47.2  122.2    8.1  -65.2
2007 265 16  149.8  0.00160   34.0   98.7   18.5 -111.2
2007 266 15  145.5  0.00090   22.4  112.6   36.4  -84.7
2007 266 16  131.8  0.00090   44.5  113.7  -41.0  -52.5
2007 266 17  143.6  0.00100   34.8  126.4   47.4  -48.9
2007 266 18  130.4  0.00120   39.3  126.9   21.7  -20.4
2007 267 19  140.8  0.00183   43.0  130.9   37.5  -35.9
2007 267 21  154.3  0.00150   27.1  138.0   11.8  -68.0
2007 267 22  146.3  0.00210   46.5  135.5   20.9  -51.2
2007 267 23  156.3  0.00130   25.5  153.8   -4.4   27.4
2007 268  0  144.1  0.00230   42.1  142.3   22.5   -2.4
2007 268 13  166.1  0.00080   43.8  140.4   12.4  -87.8
2007 268 15  150.2  0.00140   40.7  146.1    7.9  -33.9
2007 269 17  140.1  0.00310   73.3  130.4   39.2  -32.6
2007 269 18  150.9  0.00246   68.8  137.9   60.9   -7.2
2007 269 19  149.5  0.00228   58.5  142.7   37.2  -24.1
2007 269 21  150.2  0.00200   54.3  146.6   31.4   -9.5
2007 269 22  148.6  0.00350   88.4  140.1    7.6   49.0
2007 269 23  160.1  0.00210   57.4  154.8   40.9    1.3
2007 270  0  165.8  0.00245   55.2  164.1    8.0  -21.9
2007 270  1  169.0  0.00268   54.5  164.5   16.6  -35.2
2007 270  2  166.7  0.00324   53.6  158.1   23.9  -47.2
2007 270  3  168.6  0.00311   55.4  154.9   40.8  -52.5
2007 270 19  143.8  0.00110   29.5  133.1   48.6  -24.5
2007 270 20  128.0  0.00110   34.5  120.3   38.9  -20.0
2007 270 21  149.9  0.00107   38.5  137.1   44.1  -41.4
2007 270 22  141.8  0.00070   25.6  141.6   -4.9   -7.3
2007 271  1  190.2  0.00070   20.1  171.3   82.7    4.6
2007 271  2  178.3  0.00083   38.2  174.4  -29.1   22.9
2007 271  3  125.5  0.00100   51.7  117.3   31.9   31.1
2007 271 13  163.0  0.00087   36.5  154.8   28.8  -42.2
2007 271 14  182.3  0.00090   39.4  159.1  -64.5  -61.3
2007 271 15  168.9  0.00070   29.5  165.5   30.8  -14.1
2007 271 17  150.0  0.00120   49.3  137.5    3.6  -59.9
2007 271 18  159.3  0.00070   34.7  131.1   37.6  -82.2
2007 271 19  150.2  0.00080   18.9  141.6   36.0  -34.8
2007 272 16  132.8  0.00145   51.3  127.3   36.8   -8.3
2007 273 14  174.0  0.00080   28.0  173.8    0.8   -9.4
2007 273 15  198.9  0.00090   33.9  194.9   -3.5   39.2
2007 273 16  177.3  0.00105   34.1  157.9   80.6    1.5
2007 273 17  154.5  0.00093   30.5  145.1   39.9  -34.8
2007 273 19  149.8  0.00108   38.6  142.7   12.0  -43.8
2007 273 20  133.9  0.00220   63.4  106.2   75.4  -31.0
2007 273 21  151.0  0.00115   39.4  138.3   -0.5  -60.7
2007 274 15  134.2  0.00090   31.6  132.2   22.5    4.7
2007 274 20  112.6  0.00170   58.7  108.3   30.0   -7.1
2007 277 16  141.8  0.00088   29.8  138.9   20.0  -20.0
2007 277 17  150.7  0.00145   46.8  141.5   49.3  -15.6
2007 277 19  116.2  0.00290   91.3  115.7  -10.0    2.1
2007 277 20  144.3  0.00168   35.7  128.4   40.6  -51.7
2007 277 21  128.0  0.00210   55.7  120.4    1.6  -43.5
2007 278 14  155.4  0.00150   37.6  137.1   73.2    1.0
2007 278 15  176.7  0.00150   39.3  123.7  125.3   14.7
2007 278 17  136.5  0.00190   49.4  127.5   32.9  -35.9
2007 279 18  149.1  0.00100   24.5  139.0   50.7  -18.6
2007 279 19  141.8  0.00180   43.8  139.3  -25.7   -6.9
2007 279 20  147.9  0.00175   47.8  128.6   70.8  -17.9
2007 280  0  135.1  0.00137   41.1  133.9   16.4    7.6
2007 280  1  177.4  0.00160   48.9  137.9  108.1   28.3
2007 281 17  156.7  0.00320   51.6  124.0   86.9  -40.5
2007 281 18  133.8  0.00257   49.4  128.4   33.5  -17.8
2007 281 19  147.4  0.00328   60.8  122.8   44.1  -68.6
2007 282  0  170.7  0.00130   40.6  140.6   96.7    4.2
2007 282  2  145.8  0.00165   37.3  133.7   18.7  -55.0
2007 282 15  141.3  0.00170   44.2  136.2   27.5  -26.0
2007 282 17  151.9  0.00170   43.3  146.6   39.5   -2.2
2007 282 18  143.4  0.00195   56.1  137.6   40.2   -3.9
2007 282 19  142.5  0.00180   38.5  129.8   51.2  -28.8
2007 282 20  153.5  0.00115   32.9  151.3   23.7   10.7
2007 282 21  156.5  0.00175   42.3  134.5   76.8  -22.2
2007 283 12  128.1  0.00120   45.2  125.8   22.4   -8.9
2007 283 13  146.5  0.00110   24.6  142.4    8.1  -33.5
2007 283 15  135.8  0.00200   67.7  125.9   24.6  -44.5
2007 283 16  142.2  0.00140   57.8  141.0  -16.9   -8.1
2007 283 20  170.6  0.00160   59.6  156.0   42.9   54.0
2007 283 21  151.1  0.00210   52.7  135.5   61.5   25.9
2007 283 22  147.6  0.00170   40.4  140.1   -3.6  -46.5
2007 283 23  140.1  0.00222   50.6  136.5   22.3  -21.8
2007 284 12  150.5  0.00258   49.4  137.9   29.0  -52.9
2007 284 13  147.5  0.00338   52.8  137.4   39.9  -35.5
2007 284 14  154.5  0.00225   45.9  144.6   18.0  -51.2
2007 284 15  150.3  0.00265   61.2  142.5   47.9   -3.2
2007 284 17  161.1  0.00120   42.5  160.0    7.1   16.7
2007 284 19  152.9  0.00207   49.1  150.3   -0.3  -27.9
2007 284 20  128.9  0.00330   74.4  119.0    3.0  -49.3
2007 284 21  129.2  0.00323   63.6  126.4   26.4   -5.9
2007 284 22  130.2  0.00353   65.3  121.7   45.2  -10.7
2007 285 12  140.9  0.00340   49.6  131.3   31.7  -40.1
2007 285 13  146.6  0.00360   60.0  122.5   25.3  -76.5
2007 285 14  142.9  0.00250   51.6  137.8    7.2  -37.2
2007 285 15  144.9  0.00183   45.5  139.1    9.8  -39.5
2007 285 16  148.1  0.00180   47.2  146.8    4.0  -19.2
2007 285 17  179.3  0.00140   43.8  174.9  -14.8   36.7
2007 285 19  146.5  0.00225   65.2  137.9   49.0   -6.7
2007 285 20  117.9  0.00280   78.3  117.8    4.9   -0.4
2007 285 21  152.3  0.00150   45.6  152.2   -4.5    0.2
2007 285 22  142.9  0.00230   53.7  138.9   32.0   -9.7
2007 285 23  151.6  0.00300   76.2  133.5   35.7  -62.1
2007 286 17  125.8  0.00250   53.9  107.1   47.0  -46.4
2007 286 18  155.2  0.00120   34.9  152.4   -4.2  -29.1
2007 286 20  168.3  0.00160   39.8  141.9  -54.5  -72.3
2007 286 23  138.7  0.00190   49.3  127.1   49.0  -25.8
2007 287 19  174.9  0.00140   79.4  157.4   51.9   55.8
2007 287 20  157.2  0.00100   41.5  143.0   63.8  -13.4
2007 287 21  102.6  0.00320   74.5   96.4    6.0  -34.6
2007 288 20  152.1  0.00170   44.5  138.3    7.2  -62.9
2007 289 14  143.0  0.00135   34.0  133.1   25.6  -45.6
2007 289 16  154.1  0.00130   39.5  151.4   28.6   -4.1
2007 289 19  169.4  0.00140   48.0  162.6   45.1  -15.1
2007 289 20  157.5  0.00320   45.8  104.7  117.6   -5.2
2007 290 20  164.9  0.00165   38.0  136.3   66.5  -64.8
2007 290 21  150.1  0.00227   40.9  118.7   70.7  -58.4
2007 290 22  143.7  0.00280   59.8  109.1   78.6  -50.7
2007 291 14  158.1  0.00265   43.4  122.0   81.1  -59.3
2007 291 15  153.7  0.00301   50.1  118.5   64.5  -73.5
2007 291 16  156.9  0.00274   41.8  114.6   69.5  -81.6
2007 291 17  142.9  0.00313   54.9  109.4   50.1  -77.1
2007 291 18  138.9  0.00213   49.7  116.7   52.0  -54.4
2007 291 19  170.0  0.00180   38.4  117.2   41.3 -116.0
2007 292 13  155.6  0.00320   56.8   81.3  112.0  -71.1
2007 292 14  110.7  0.00280   66.0   91.2    3.1  -62.6
2007 292 17  152.3  0.00280   48.0  102.9  111.9   -9.1
2007 292 19  141.0  0.00140   29.1  112.6   65.5  -53.8
2007 292 21  157.7  0.00120   28.1  119.4   97.5   33.4
2007 292 23  142.6  0.00185   47.8  117.4   74.9  -31.1
2007 293 13  155.8  0.00140   38.7  143.4   26.7  -55.0
2007 293 14  159.8  0.00135   40.5  142.1   61.6  -39.4
2007 293 15  190.4  0.00120   39.7  129.5  119.1  -72.8
2007 294 21  211.6  0.00090   48.6  193.0  -51.0   70.4
2007 294 22  174.5  0.00110   38.7  128.9  117.1   10.9
2007 294 23  149.4  0.00190   48.5  125.9   79.3   12.9
2007 295  0  159.9  0.00145   39.0  131.4   91.0   -2.6
2007 295  1  179.3  0.00120   33.1  152.8   75.0  -56.1
2007 295 20  154.2  0.00304   48.2  129.6   68.1  -48.7
2007 295 21  159.4  0.00331   49.7  129.9   53.7  -75.1
2007 295 22  157.5  0.00354   44.7  128.0   41.3  -82.0
2007 295 23  139.2  0.00430   49.9  114.6   30.7  -72.8
2007 296  0  151.3  0.00309   54.9  120.7   37.5  -83.2
2007 296  1  154.8  0.00312   56.5  124.3   67.0  -63.4
2007 296 16  164.2  0.00196   43.6  147.9   60.7  -37.5
2007 296 23  148.5  0.00317   53.6  116.1   55.2  -74.3
2007 297 20  134.7  0.00285   56.0  119.6   42.3  -45.3
2007 297 21  129.2  0.00323   57.8  118.2   34.5  -39.4
2007 297 22  132.7  0.00302   56.6  118.7   31.2  -50.6
2007 297 23  146.0  0.00317   54.2  122.1   62.1  -50.4
2007 298  0  147.8  0.00250   48.9  132.7   29.1  -58.2
2007 298 20  148.1  0.00150   31.7  134.5   52.1  -33.5
2007 298 21  152.4  0.00250   47.6  120.8   68.2  -63.3
2007 298 22  148.5  0.00218   46.6  119.4   69.7  -54.2
2007 298 23  144.9  0.00210   45.7  131.1   56.3  -25.4
2007 299  0  146.2  0.00177   47.6  144.1   14.8  -20.0
2007 299  1  142.4  0.00157   42.8  142.4   -2.5    3.1
2007 299 14  196.9  0.00160   36.8  155.5  110.7  -48.1
2007 299 15  154.7  0.00163   39.8  138.4   33.2  -60.7
2007 299 16  153.8  0.00195   44.0  139.8   24.0  -59.5
2007 299 17  156.9  0.00155   39.8  152.8    9.2  -34.4
2007 299 18  159.2  0.00180   37.8  155.5   33.8    2.1
2007 299 19  154.2  0.00173   42.2  140.3   34.7  -53.9
2007 299 20  161.1  0.00180   35.2  147.5   19.6  -61.6
2007 300 14  151.7  0.00250   50.8  139.0   46.9  -38.6
2007 300 15  156.8  0.00320   51.1  133.9   74.2  -34.1
2007 300 16  142.8  0.00385   59.0  124.5   36.4  -59.6
2007 300 17  155.2  0.00245   50.0  141.4   48.9  -41.2
2007 300 18  159.5  0.00267   45.3  140.7   57.7  -48.2
2007 300 19  160.1  0.00267   52.0  146.1   54.4  -36.5
2007 301 18  155.9  0.00243   51.8  142.8   40.8  -47.4
2007 301 19  163.9  0.00248   50.7  148.5   48.7  -49.2
2007 301 20  161.3  0.00213   52.5  143.6   59.5  -42.8
2007 301 21  155.6  0.00202   47.1  144.1   50.1  -30.7
2007 302 18  159.7  0.00423   60.6  143.8   61.7  -32.1
2007 302 19  156.7  0.00361   55.6  151.2   34.3  -22.7
2007 302 20  154.3  0.00388   59.2  145.0   41.3  -32.6
2007 302 21  156.3  0.00393   60.7  146.7   46.3  -27.4
2007 303 19  154.6  0.00369   58.8  137.9   60.9  -34.0
2007 303 20  158.5  0.00330   61.7  146.4   56.5  -22.3
2007 303 21  163.1  0.00343   59.6  141.7   77.1  -23.8
2007 303 22  154.2  0.00305   61.0  145.1   44.4  -27.2
2007 303 23  147.5  0.00371   67.0  136.4   51.5  -22.7
2007 304  0  154.6  0.00338   66.5  145.4   48.2  -21.3
2007 304  1  156.2  0.00335   67.6  147.9   46.1  -20.1
2007 304 18  155.1  0.00240   51.6  149.7   10.8  -39.1
2007 304 19  165.1  0.00328   62.8  164.0   -4.7  -18.7
2007 304 20  161.7  0.00266   51.4  160.4   14.5  -14.3
2007 304 21  153.5  0.00240   51.8  151.3   23.5  -11.6
2007 304 22  153.9  0.00180   34.9  148.5   29.6  -27.6
2007 304 23  158.9  0.00220   52.6  158.2   -8.0  -12.7
2007 305  0  153.0  0.00260   47.3  149.6  -21.1  -24.5
2007 305 16  165.0  0.00271   54.0  160.4    2.0  -38.7
2007 305 17  158.2  0.00259   51.4  155.9   16.7  -20.4
2007 305 18  156.2  0.00268   53.1  149.9    5.3  -43.7
2007 305 19  171.2  0.00281   62.5  167.1   13.1  -34.8
2007 305 20  161.4  0.00285   63.7  159.0    9.9  -25.6
2007 305 21  159.9  0.00292   64.7  158.7    5.7  -18.6
2007 305 22  158.8  0.00253   57.4  156.5   -4.3  -26.6
2007 305 23  166.5  0.00250   66.5  165.8   14.8    2.9
2007 306 16  185.3  0.00240   73.0  170.3    6.2  -72.7
2007 306 17  166.7  0.00266   69.8  162.2   38.6    0.1
2007 306 18  171.4  0.00245   64.0  168.1   29.7  -15.7
2007 306 19  171.4  0.00210   61.3  170.8   10.8   -9.8
2007 306 20  169.7  0.00207   56.3  165.9   27.5  -22.5
2007 306 21  179.1  0.00218   65.9  174.0   40.4   13.9
2007 306 22  151.0  0.00200   64.6  150.1  -16.1   -4.3
2007 306 23  162.1  0.00275   90.6  139.4   47.7   67.6
2007 307  0  165.1  0.00285   75.8  155.7   46.4   28.8
2007 307 13  169.1  0.00160   54.8  166.5    5.7  -29.0
2007 307 14  160.0  0.00271   56.1  153.8   36.5  -25.0
2007 307 15  161.5  0.00284   47.4  152.8   27.2  -44.5
2007 307 16  157.8  0.00309   60.6  149.3   28.7  -42.2
2007 307 17  156.3  0.00298   57.2  146.5   34.9  -41.9
2007 307 18  154.5  0.00282   57.1  143.8   40.7  -39.4
2007 307 19  151.8  0.00287   60.2  143.8   25.1  -41.6
2007 308 16  158.6  0.00262   56.8  136.7   29.6  -74.8
2007 308 17  161.7  0.00279   50.7  143.7   41.5  -61.6
2007 308 18  163.3  0.00359   54.8  141.9   33.5  -73.5
2007 308 19  168.1  0.00310   49.3  149.8   32.7  -68.9
2007 308 20  165.4  0.00321   47.5  143.8   35.2  -73.6
2007 308 21  165.0  0.00327   45.9  139.9   29.0  -82.5
2007 308 22  165.7  0.00368   50.6  140.7   30.2  -82.1
2007 309 18  145.0  0.00240   72.7  141.6    4.6  -30.9
2007 309 19  157.1  0.00160   47.6  150.5   19.4  -40.7
2007 309 20  161.3  0.00103   28.4  146.8   51.5  -42.8
2007 309 21  143.9  0.00135   62.6  143.1  -13.4   -6.9
2007 309 22  153.5  0.00165   54.2  142.1   52.3  -25.4
2007 310 11  156.6  0.00155   37.6  138.8   36.5  -62.5
2007 310 12  168.5  0.00133   37.8  151.8   55.0  -48.2
2007 310 15  154.0  0.00217   51.3  142.0   34.7  -48.6
2007 310 16  135.7  0.00211   47.9  133.3    4.4  -25.2
2007 310 17  136.6  0.00217   52.9  133.9   17.3  -20.6
2007 310 18  137.1  0.00236   53.9  134.5   24.7   -9.1
2007 310 19  142.1  0.00237   49.8  136.4   34.5  -20.4
2007 310 20  137.8  0.00240   49.2  136.5   16.3   -9.4
2007 311 19  149.2  0.00322   52.9  126.0   68.5  -41.3
2007 311 20  148.4  0.00394   54.1  121.2   65.5  -55.0
2007 311 21  157.0  0.00307   47.6  128.6   68.5  -58.4
2007 311 22  146.8  0.00330   49.9  124.7   53.2  -56.4
2007 311 23  152.6  0.00311   56.4  125.6   69.7  -51.6
2007 312  0  138.1  0.00330   60.8  118.4   64.0  -30.8
2007 312 15  138.3  0.00237   48.1  131.1   41.0  -15.4
2007 312 16  139.9  0.00246   45.4  122.4   41.5  -53.6
2007 312 18  128.1  0.00255   51.0  110.2   45.0  -47.3
2007 312 19  143.3  0.00193   39.1  129.0   28.4  -55.6
2007 312 20  142.9  0.00227   50.1  127.6   60.2  -22.9
2007 313 15  139.2  0.00248   47.7  117.7   26.4  -69.5
2007 313 16  134.1  0.00237   48.9  122.5   32.7  -43.7
2007 313 17  148.0  0.00167   44.2  141.6   39.9  -16.7
2007 313 18  155.6  0.00234   43.6  120.2   75.6  -63.5
2007 313 19  147.2  0.00200   37.9  125.5   40.6  -65.5
2007 313 20  149.0  0.00200   41.0  135.1   47.0  -42.0
2007 313 21  144.8  0.00280   50.6  129.4   55.7  -33.4
2007 313 22  144.5  0.00356   54.4  118.2   46.8  -68.6
2007 313 23  148.2  0.00367   51.6  120.8   58.9  -62.5
2007 314 11  143.2  0.00237   50.1  130.6   36.2  -46.1
2007 314 12  151.9  0.00331   55.1  119.6   42.8  -83.4
2007 314 13  129.9  0.00407   66.2  111.7   47.1  -46.8
2007 314 14  140.1  0.00326   57.7  120.4   44.9  -55.7
2007 314 15  151.7  0.00307   57.1  131.6   53.4  -53.4
2007 314 16  148.6  0.00300   51.6  123.8   64.8  -50.5
2007 314 17  143.0  0.00280   58.5  132.5   34.3  -41.5
2007 314 18  134.9  0.00344   63.6  121.8   25.4  -52.0
2007 314 19  137.0  0.00300   62.2  128.2   14.4  -45.9
2007 314 20  139.4  0.00298   62.1  125.5   35.7  -49.2
2007 314 21  142.0  0.00292   61.7  135.4   31.9  -28.5
2007 314 22  149.1  0.00296   51.5  130.3   19.9  -69.7
2007 315 15  148.5  0.00273   58.2  127.6   67.4  -34.9
2007 315 16  154.6  0.00202   49.8  137.3   46.7  -53.5
2007 315 17  133.2  0.00243   53.7  126.4   37.1  -20.3
2007 315 18  142.6  0.00350   62.1  121.4   25.0  -70.4
2007 315 19  170.0  0.00220   67.5  121.2  102.3  -61.3
2007 315 20  151.6  0.00113   28.7  134.5   31.3  -62.6
2007 315 22  152.3  0.00148   46.9  140.1   39.1  -45.0
2007 315 23  129.3  0.00258   56.5  119.3   47.3  -15.6
2007 316  0  161.6  0.00150   31.4  149.3   14.2  -60.3
2007 316 17  167.5  0.00240   52.5  112.9   90.7  -84.2
2007 316 19  146.2  0.00100   37.5  136.1   15.5  -51.0
2007 316 20  187.6  0.00110   36.1  142.2  122.2    6.3
2007 316 21  152.9  0.00097   30.2  143.4   23.7  -47.5
2007 316 22  149.3  0.00115   39.9  145.5   30.2  -14.3
2007 317 17  148.4  0.00110   44.9  136.7   54.1   19.9
2007 317 18  137.4  0.00180   38.4  124.7   18.2  -54.8
2007 317 19  144.3  0.00250   47.6  115.6   36.5  -78.2
2007 317 20  152.9  0.00120   49.2  152.1  -15.0    3.1
2007 317 21  137.9  0.00080   27.0  134.4   29.7   -8.9
2007 317 22  146.1  0.00165   41.5  120.5   74.0  -36.8
2007 317 23  159.2  0.00140   44.0  142.8   42.8  -55.9
2007 318 15  113.3  0.00130   38.1  107.0  -12.1  -35.1
2007 318 16  147.4  0.00145   39.0  115.1   19.5  -90.1
2007 318 18  128.1  0.00110   31.1  125.4   -9.8  -23.9
2007 319 18  119.4  0.00220   38.8   81.0   43.3  -76.2
2007 319 19  108.6  0.00243   48.8   88.6   47.0  -41.7
2007 319 20  124.1  0.00180   57.8  110.0   47.8  -32.1
2007 319 21  126.1  0.00133   31.1  108.9   47.1  -42.8
2007 319 23  136.5  0.00200   31.8   81.7   53.1  -95.5
2007 320  0  152.2  0.00260   30.5   78.7  100.6  -82.8
2007 320 19  118.6  0.00310   37.8   62.6   82.1  -58.3
2007 320 21  126.7  0.00110   28.4  106.7   42.4  -53.7
2007 320 23  130.5  0.00175   37.3   99.1   53.7  -65.7
2007 321 10  117.0  0.00130   34.1  100.6   43.3  -41.1
2007 321 11  125.0  0.00218   34.6   82.5   83.9  -42.1
2007 321 13  131.0  0.00190   44.3   99.3   68.7  -50.8
2007 321 14  162.3  0.00430   68.8   66.6   76.3 -126.8
2007 322 13  101.4  0.00330   43.6   55.5   60.0  -60.0
2007 322 14  109.2  0.00190   46.4   72.8   65.7  -48.1
2007 322 20   99.5  0.00160   42.4   76.9   -4.5  -63.0
2007 323 18  145.8  0.00265   37.0   76.4  111.0  -55.6
2007 323 20  102.4  0.00275   28.8   70.0   71.7  -21.2
2007 323 22  115.5  0.00200   47.1   67.2   77.6  -53.0
2007 324 11  149.8  0.00180   27.8   97.1  112.8   17.5
2007 324 12  131.8  0.00350   59.9   55.6   60.2 -103.2
2007 324 13  138.1  0.00143   27.9  101.8   65.8  -66.1
2007 324 14  146.9  0.00120   28.0  125.1   26.8  -72.3
2007 324 15  153.7  0.00140   46.7  108.7   90.7  -59.8
2007 324 16  129.9  0.00127   30.7   94.2   86.0  -24.8
2007 324 17  154.7  0.00230   60.0   82.1  111.4  -69.1
2007 324 22  104.7  0.00150   30.5  100.0   22.3  -21.3
2007 324 23   76.4  0.00270   46.0   68.5   26.5  -21.1
2007 325 14  127.8  0.00130   27.7  127.7   -1.3    3.7
2007 325 16  131.5  0.00110   21.8  118.1   36.6  -44.8
2007 325 19  131.6  0.00150   33.9  104.1   77.0  -23.8
2007 325 21  125.6  0.00100   45.3  119.8   38.0    1.4
2007 325 22  116.9  0.00160   38.0   88.8   60.5  -46.0
2007 325 23  133.0  0.00163   31.2   90.0   96.9  -13.7
2007 326 10   99.7  0.00330   37.0   82.5   44.7  -33.5
2007 326 11   97.2  0.00185   45.4   80.0   37.0  -40.8
2007 326 12  108.1  0.00125   24.9  101.8   29.7  -20.8
2007 326 13  126.2  0.00170   28.0  106.1   66.6   14.9
2007 326 14  172.6  0.00140   40.9  131.2  102.6   45.1
2007 326 15  139.2  0.00125   35.3   98.8   54.7  -81.4
2007 326 16  110.8  0.00100   13.9   92.1   58.5  -19.2
2007 327 11   96.9  0.00247   33.4   74.1   59.4  -19.0
2007 327 12  113.0  0.00170   27.8   82.6   75.8  -14.2
2007 327 13  109.1  0.00130   26.8  106.3  -13.5  -20.5
2007 327 15  122.9  0.00280   39.5   84.4   81.1  -37.5
2007 327 16  103.2  0.00215   25.1   75.5   26.1  -65.4
2007 327 17  116.8  0.00090   26.0   90.0   68.4  -29.5
2007 327 18  102.1  0.00180   29.7   90.1   42.7  -21.8
2007 327 19  101.3  0.00155   36.9   89.1   48.0   -4.0
2007 327 23  110.7  0.00130   27.4   90.6   20.8  -60.1
2007 328  1  131.9  0.00140   35.1   97.5   -4.2  -88.8
2007 328 10   83.0  0.00480   66.5   42.6   46.7  -53.8
2007 328 11  125.6  0.00110   44.4  122.5   26.7   -7.2
2007 328 12  106.1  0.00220   49.2   98.4   39.6   -2.2
2007 328 15  121.4  0.00200   40.4  101.3   66.6   -6.0
2007 328 16  138.4  0.00183   43.6  121.9   61.8   22.0
2007 328 17  120.4  0.00155   38.1  111.0   26.2  -38.6
2007 328 19  141.4  0.00140   52.8  122.6  -46.2  -53.1
2007 329 10  177.4  0.00080   27.5  173.0   34.8  -17.7
2007 329 11  177.9  0.00170   39.1  132.0  116.4   25.6
2007 329 12  151.0  0.00132   35.7  139.3   58.1    4.7
2007 329 13  150.9  0.00143   44.3  127.1   53.9  -60.8
2007 329 14  159.6  0.00097   29.1  144.2   55.3  -40.3
2007 329 15  140.6  0.00170   53.3  133.0   39.7   22.4
2007 329 16  167.3  0.00165   42.8  147.9   57.5   52.8
2007 329 17  116.8  0.00370   89.4  100.7   55.1   21.6
2007 329 18  154.6  0.00120   21.6  140.2  -35.1  -54.8
2007 329 20  151.5  0.00120   26.5  144.4   -3.4   45.9
2007 330 19  160.0  0.00123   32.5  142.0   71.4  -18.0
2007 330 22  153.8  0.00220   54.3  132.1   77.3  -15.0
2007 331  9  149.2  0.00107   30.6  144.7   30.4  -19.7
2007 331 10  137.8  0.00160   35.2  136.0   21.6   -5.1
2007 331 11  125.9  0.00180   30.0   98.1   38.6  -68.8
2007 331 12  138.6  0.00080   19.6  127.0   28.9  -47.4
2007 331 13  176.0  0.00085   31.5  170.9    8.0  -41.3
2007 331 14  130.9  0.00190   43.5  123.4    9.9  -42.5
2007 331 16  139.7  0.00207   56.8  130.6   47.6   14.3
2007 331 17  144.9  0.00170   38.9  131.9   59.8    1.6
2007 331 18  164.8  0.00135   39.0  154.7   53.3  -19.7
2007 331 19  141.0  0.00215   55.7  132.9   16.2   44.3
2007 331 20  156.0  0.00185   53.2  141.9   64.7   -2.1
2007 331 21  154.3  0.00160   38.3  122.6   85.3  -38.9
2007 332 21  156.1  0.00120   23.7  128.0   67.6  -58.4
2007 332 22  133.9  0.00110   32.2  128.0   38.9   -6.7
2007 332 23  115.9  0.00160   61.7  109.4    9.3  -37.0
2007 333 14  142.3  0.00090   27.6  136.9   -2.9  -38.6
2007 333 17  111.5  0.00120   15.0  105.3   36.7   -0.8
2007 333 18  156.5  0.00065   27.9  150.1   24.1  -37.2
2007 333 20  132.6  0.00133   36.8  120.4   54.3  -11.9
2007 333 21  129.9  0.00150   43.9  125.1  -31.0  -16.1
2007 334 11  131.5  0.00100   34.7  117.8   42.7   39.7
2007 334 14  159.4  0.00120   30.7  119.0  106.1   -0.7
2007 334 19  106.4  0.00160   38.2  100.8   -1.1   34.1
2007 334 20  160.3  0.00173   38.2  110.7  115.6   -9.4
2007 335  0  118.7  0.00150   37.9  101.9   59.0   15.3
2007 335 15  156.9  0.00155   39.2  121.8   90.9  -39.0
2007 335 16  144.9  0.00170   43.7  127.2   24.9  -64.8
2007 335 17  138.1  0.00200   53.3  111.0   79.4   20.9
2007 335 20  124.7  0.00120   30.1  120.3   31.7   -8.9
2007 335 21  113.8  0.00120   27.6  113.7   -1.6   -5.0
2007 336  0  156.7  0.00130   45.0  151.1   38.8   13.6
2007 336 12  137.4  0.00110   24.2  125.5   -1.3  -56.1
2007 336 13  124.7  0.00130   12.1  114.0   44.3   24.1
2007 336 14  109.3  0.00245   43.1   97.7   45.1   19.1
2007 336 15  104.2  0.00210   48.0   95.8   36.8  -17.8
2007 336 16  101.3  0.00153   30.0   95.6   31.3   12.5
2007 336 17   96.4  0.00246   41.3   88.3   28.0  -26.8
2007 336 18  114.2  0.00210   35.1  101.7   43.0  -29.2
2007 337 11  158.4  0.00080   34.1  150.1   46.5  -19.4
2007 337 12  148.1  0.00182   42.9  141.0   43.5  -12.8
2007 337 13  132.7  0.00218   52.7  131.8   15.3   -4.2
2007 337 14  141.7  0.00256   57.6  125.0   57.5   34.0
2007 337 15  138.7  0.00304   58.8  127.5   54.1    7.3
2007 337 16  144.1  0.00274   56.8  135.6   45.5   17.3
2007 337 17  135.2  0.00282   57.7  133.1   23.1    5.1
2007 337 18  151.3  0.00212   46.7  146.2   38.6   -2.2
2007 337 19  155.0  0.00220   47.4  146.2   48.8  -16.3
2007 338 16  127.6  0.00173   35.8   99.0   79.2  -14.6
2007 338 17  165.0  0.00145   38.7  116.6   93.1  -70.4
2007 338 18  121.2  0.00140   30.1  107.3   56.2   -0.7
2007 339 20  187.4  0.00180   43.0  130.1  130.6   33.8
2007 339 21  131.5  0.00190   44.7  118.4   51.5  -25.0
2007 339 22  130.7  0.00110   34.9  130.5    3.2   -4.8
2007 339 23  139.8  0.00227   44.9  116.7   72.3  -26.1
2007 340  0  147.4  0.00225   48.4  125.3   49.4  -60.0
2007 340 10  145.8  0.00383   46.4  112.0   86.5  -35.3
2007 340 11  139.8  0.00382   45.6  112.0   66.3  -51.0
2007 340 12  142.7  0.00344   49.3  114.7   74.7  -40.5
2007 340 13  138.8  0.00390   52.3  111.3   73.1  -39.4
2007 340 14  143.3  0.00345   50.9  112.4   86.1  -22.1
2007 340 15  139.4  0.00343   53.0  112.5   80.0  -19.8
2007 340 16  132.9  0.00325   51.2  116.0   59.4  -25.9
2007 340 17  133.0  0.00273   45.6  119.7   49.1  -30.7
2007 340 18  134.8  0.00346   55.5  111.6   65.9  -37.1
2007 340 19  137.1  0.00278   52.4  121.2   61.0  -19.8
2007 340 20  130.8  0.00284   47.6  115.0   40.4  -47.5
2007 340 21  133.6  0.00286   49.8  116.0   50.4  -42.9
2007 340 22  159.0  0.00340   48.6  115.4  102.3  -38.6
2007 341 17  162.4  0.00140   47.3  141.7   79.4    2.2
2007 341 18  126.2  0.00300   49.7   93.9   65.0  -53.7
2007 341 19  136.4  0.00200   40.5  122.2   48.4  -36.6
2007 341 20  138.3  0.00167   39.4  123.8   32.9  -52.3
2007 341 21  164.1  0.00185   44.7  130.2   92.7  -37.2
2007 341 22  151.2  0.00130   28.3  116.7   60.5  -74.8
2007 342  9  138.8  0.00172   34.4  117.7   66.2  -32.4
2007 342 10  156.2  0.00133   33.7  144.7   47.6  -34.5
2007 342 11  151.2  0.00180   55.1  127.1   81.6   -6.9
2007 342 12  158.1  0.00197   47.0  126.5   94.6   -8.5
2007 342 13  153.1  0.00190   39.2  135.0   63.3  -34.8
2007 342 14  159.0  0.00147   33.5  133.2   53.1  -68.8
2007 342 15  152.0  0.00140   27.2  127.4   80.9  -18.0
2007 342 17  141.0  0.00125   35.7  121.6   66.3  -26.9
2007 343 18  152.8  0.00150   27.8  103.1   93.7  -62.8
2007 343 21  123.4  0.00095   30.0  109.5   47.9  -30.5
2007 344 12  144.0  0.00130   36.0  119.4   47.2  -65.3
2007 344 14  159.6  0.00080   35.0  143.3   70.3   -4.4
2007 345 13  123.9  0.00235   53.5  120.9   26.7   -5.1
2007 345 14  130.5  0.00350   60.0  116.4   56.4  -17.2
2007 345 15  131.5  0.00323   50.4  123.0   37.3  -27.7
2007 345 16  137.2  0.00277   49.4  120.6   42.6  -49.8
2007 345 17  129.2  0.00260   48.0  112.2   60.8  -20.1
2007 346 12  167.8  0.00133   28.8  139.2   58.5  -73.0
2007 346 14  106.7  0.00160   34.2   96.1   46.2   -3.7
2007 346 15  185.5  0.00105   38.5  157.0   87.6   45.7
2007 346 16  138.2  0.00230   45.2  132.2    7.1   39.7
2007 346 17  149.8  0.00150   61.7  147.1   24.5  -13.6
2007 347 12  160.8  0.00243   48.8  132.6   80.5  -42.4
2007 347 13  150.8  0.00200   39.2  144.2   39.4  -19.3
2007 348  9  152.0  0.00298   72.6  133.8   71.1   12.0
2007 348 10  155.8  0.00233   52.0  143.0   52.9  -32.0
2007 348 11  171.2  0.00312   62.1  141.4   96.4   -4.5
2007 348 12  151.2  0.00185   46.4  147.6   25.7  -20.9
2007 348 13  169.3  0.00203   55.7  146.1   81.7   25.1
2007 348 14  171.9  0.00174   51.6  160.7   60.7    4.6
2007 348 15  168.5  0.00230   60.8  146.4   78.7  -27.5
2007 348 16  159.1  0.00196   53.0  147.9   57.1  -13.9
2007 348 17  175.1  0.00257   52.7  153.0   84.5  -11.0
2007 349  9  157.4  0.00290   52.0  148.9   45.1  -23.8
2007 349 10  159.6  0.00460   76.7  128.6   93.7   11.8
2007 349 11  159.7  0.00303   51.9  146.9   55.9  -28.6
2007 349 12  162.8  0.00250   48.1  147.2   64.2  -26.8
2007 349 13  165.7  0.00201   45.2  153.8   56.5  -25.0
2007 349 14  157.7  0.00308   66.0  144.2   63.2   -8.1
2007 349 15  155.1  0.00230   53.7  144.7   51.3  -22.1
2007 349 16  166.6  0.00175   46.9  160.9   42.9   -0.4
2007 349 17  152.8  0.00190   52.3  151.4   10.0  -17.8
2007 349 20  167.4  0.00230   60.5  141.4   50.9  -73.7
2007 349 21  173.0  0.00243   59.1  156.6   69.3  -24.6
2007 349 22  161.6  0.00283   58.4  150.3   57.4   15.2
2007 349 23  156.5  0.00374   66.0  147.2   52.8    6.2
2007 350  0  180.4  0.00370   63.3  159.5   83.6  -10.8
2007 350  9  171.3  0.00548   49.5  165.1   44.9    8.1
2007 350 10  172.6  0.00497   50.5  166.9   43.9    2.2
2007 350 11  171.8  0.00469   56.8  165.1   45.4   13.6
2007 350 12  170.3  0.00442   59.0  162.3   47.1   20.6
2007 350 13  171.5  0.00406   58.4  163.6   49.1   15.2
2007 351 11  173.5  0.00331   58.4  169.0   33.4   21.0
2007 351 12  176.8  0.00319   57.2  171.0   39.4   21.5
2007 351 13  175.6  0.00367   65.8  170.0   34.4   27.6
2007 351 14  169.2  0.00389   68.1  161.6   33.2   37.9
2007 351 15  168.0  0.00426   70.5  162.4   29.8   31.0
2007 351 16  165.5  0.00469   74.4  158.4   20.0   43.6
2007 352 11  186.8  0.00300   55.2  169.3   56.6   55.0
2007 352 12  179.9  0.00271   66.0  165.2   41.6   58.0
2007 352 13  176.8  0.00250   56.4  169.7   23.1   44.0
2007 352 14  179.8  0.00313   71.1  169.6   40.1   44.3
2007 352 15  178.7  0.00268   60.3  171.5   26.5   42.8
2007 352 16  181.0  0.00275   72.3  167.0   44.6   53.6
2007 352 17  180.4  0.00279   62.2  174.1   27.2   38.6
2007 352 18  179.6  0.00304   64.8  169.7   20.0   55.4
2007 352 19  173.3  0.00309   69.2  162.7   44.8   39.4
2007 352 20  173.6  0.00350   66.6  167.0   17.0   44.2
2007 353 15  177.3  0.00380   72.1  157.4   52.2   62.7
2007 353 16  172.1  0.00350   71.3  165.0   31.1   37.7
2007 353 17  174.4  0.00412   68.2  165.3   38.8   39.8
2007 353 18  172.4  0.00411   63.9  166.2   35.6   28.7
2007 353 19  169.6  0.00399   65.0  163.5   31.1   32.9
2007 354 10  162.4  0.00350   78.9  146.5  -24.0   66.0
2007 354 11  172.8  0.00270   69.4  163.3   41.6   38.3
2007 354 12  182.2  0.00403   82.9  154.4   38.2   88.8
2007 354 13  169.6  0.00403   73.8  161.0   32.0   42.9
2007 354 14  170.7  0.00360   65.1  153.9   70.0   22.9
2007 354 17  171.8  0.00277   63.0  165.4   29.3   36.0
2007 354 18  174.0  0.00316   68.6  162.3   45.0   43.9
2007 354 19  172.9  0.00320   67.2  162.2   25.1   54.4
2007 354 20  162.2  0.00320   65.6  161.7   11.5    6.1
2007 355 12  175.6  0.00407   61.6  174.5   13.7   14.0
2007 355 13  174.0  0.00438   65.0  172.5   11.8   19.2
2007 355 14  176.4  0.00439   63.1  175.6   12.6   11.6
2007 355 15  178.2  0.00457   64.9  177.2   12.5   14.6
2007 355 16  181.0  0.00454   68.3  179.6   22.4    2.3
2007 355 17  177.6  0.00394   65.8  176.8   12.6   12.0
2007 355 18  169.3  0.00405   72.6  164.4   22.7   33.2
2007 355 19  176.0  0.00409   63.5  174.8   17.3   11.3
2007 355 20  178.9  0.00429   66.5  178.2   13.1    8.3
2007 355 21  178.9  0.00399   71.6  178.0   16.8    5.0
2007 356 12  185.8  0.00328   67.1  184.9   12.1   14.0
2007 356 13  178.7  0.00348   69.3  173.5   34.3   25.5
2007 356 14  179.7  0.00293   69.8  174.8   14.6   39.0
2007 356 15  186.9  0.00263   65.3  184.5   12.7   27.1
2007 356 16  188.8  0.00295   80.0  186.3   -1.3   30.6
2007 356 17  189.5  0.00295   74.7  182.3   34.8   38.4
2007 357 13  147.4  0.00280   63.8  142.9   33.1  -15.1
2007 357 14  164.9  0.00286   64.5  147.4   58.5   45.3
2007 357 15  162.3  0.00216   53.9  159.1   28.0  -15.5
2007 357 16  175.6  0.00265   81.3  165.7    2.6   57.9
2007 357 17  154.7  0.00310   78.2  152.6   11.5   22.2
2007 357 18  165.9  0.00247   64.6  158.8   35.3   32.6
2007 357 19  162.1  0.00238   59.6  153.9   47.7   17.9
2007 358 11  147.9  0.00235   53.9  130.9   68.4   -7.2
2007 358 12  159.6  0.00185   47.6  143.4   56.3   41.8
2007 358 13  153.4  0.00180   47.3  149.2   27.3  -23.0
2007 358 14  152.0  0.00218   61.6  136.6   66.0    9.0
2007 358 15  160.0  0.00140   38.0  147.8   55.8   25.2
2007 358 16  159.9  0.00252   68.3  145.1   64.6   18.5
2007 358 18  158.1  0.00305   65.0  127.3   87.6   33.2
2007 358 19  145.6  0.00268   62.9  128.3   52.3   44.7
2007 358 20  176.9  0.00227   64.4  161.5   53.2   49.0
2007 358 21  145.9  0.00260   55.7  138.0   45.9  -10.8
2007 359 18  160.9  0.00307   73.2  144.6   70.5    0.8
2007 359 19  174.9  0.00194   51.2  169.7   38.6   17.6
2007 359 20  164.8  0.00212   65.3  153.6   39.3   45.0
2007 359 21  157.3  0.00220   63.7  151.2   -3.7   43.2
2007 359 22  150.2  0.00197   51.3  146.4   31.6   11.3
2007 360 20  156.9  0.00130   36.0  155.9  -17.0    3.7
2007 360 21  140.8  0.00195   53.9  139.6    1.9   18.0
2007 360 22  165.0  0.00130   35.8  157.9   47.0   -8.3
2007 360 23  138.9  0.00140   33.9  138.1   13.8    1.7
2007 361  8  143.8  0.00100   23.9  139.8    5.4  -33.5
2007 361  9  106.5  0.00140   20.5   80.3   59.1  -37.3
2007 361 10  112.3  0.00150   40.0  111.5    7.9   11.2
2007 361 11  141.0  0.00180   50.3  109.7   84.4   26.9
2007 361 12  121.5  0.00284   39.9  117.4   22.4  -21.9
2007 361 14  132.5  0.00150   31.4  109.6   41.9   61.6
2007 361 15  114.7  0.00240   29.2   84.2   75.5   19.0
2007 361 21  143.3  0.00280   59.0  120.0   46.1   63.3
2007 361 22  114.4  0.00240   49.5  113.4  -11.7   -9.6
2007 362 10  172.4  0.00180   49.8  137.6  100.8   24.9
2007 362 12  116.0  0.00235   58.3  106.8   39.1   23.1
2007 362 14  152.5  0.00260   42.3  106.3   16.2  108.1
2007 362 15  143.5  0.00140   32.1  123.7   70.9  -16.6
2007 362 18  157.1  0.00185   43.4  124.8   90.7   29.7
2007 363 10  114.6  0.00480   63.2   60.3   95.0   21.6
2007 363 14  170.1  0.00110   33.4  126.6   97.6   58.3
2007 364 16  177.4  0.00110   39.9  154.9   86.1   -8.1
